Timestamp MeanWindDirection_deg MeanWindSpeed_mps AirTemp_C RelHum AirPress_bar RainAcc_mm HailAcc_hits
2020-08-31T23:59:42Z 133  0.3  21.6 65.7 1.0098 0.00  0.0
2020-09-01T00:00:42Z 149  1.4  21.6 65.5 1.0099 0.00  0.0
2020-09-01T00:01:42Z 178  1.3  21.5 65.5 1.0099 0.00  0.0
2020-09-01T00:02:42Z 166  0.7  21.5 65.8 1.0100 0.00  0.0
2020-09-01T00:03:42Z 182  1.3  21.5 65.9 1.0100 0.00  0.0
2020-09-01T00:04:42Z 145  0.7  21.5 65.8 1.0100 0.00  0.0
2020-09-01T00:05:42Z 203  0.3  21.4 66.2 1.0100 0.00  0.0
2020-09-01T00:06:42Z 145  1.0  21.4 66.3 1.0100 0.00  0.0
2020-09-01T00:07:42Z 119  1.1  21.5 66.3 1.0099 0.00  0.0
2020-09-01T00:08:42Z 106  1.2  21.5 66.3 1.0099 0.00  0.0
2020-09-01T00:09:42Z 095  2.0  21.5 66.0 1.0098 0.00  0.0
2020-09-01T00:10:42Z 131  2.4  21.5 66.0 1.0098 0.00  0.0
2020-09-01T00:11:42Z 124  1.5  21.5 66.0 1.0098 0.00  0.0
2020-09-01T00:12:42Z 092  1.7  21.5 66.2 1.0098 0.00  0.0
2020-09-01T00:13:42Z 115  1.6  21.5 66.1 1.0098 0.00  0.0
2020-09-01T00:14:42Z 119  1.9  21.4 66.1 1.0098 0.00  0.0
2020-09-01T00:15:42Z 134  2.1  21.4 66.2 1.0098 0.00  0.0
2020-09-01T00:16:42Z 132  1.4  21.4 66.3 1.0099 0.00  0.0
2020-09-01T00:17:42Z 161  0.4  21.4 66.4 1.0099 0.00  0.0
2020-09-01T00:18:42Z 163  0.7  21.4 66.6 1.0100 0.00  0.0
2020-09-01T00:19:42Z 136  1.2  21.4 66.7 1.0100 0.00  0.0
2020-09-01T00:20:42Z 152  0.7  21.4 66.8 1.0100 0.00  0.0
2020-09-01T00:21:42Z 108  0.6  21.4 66.8 1.0101 0.00  0.0
2020-09-01T00:22:42Z 159  1.2  21.3 66.9 1.0101 0.00  0.0
2020-09-01T00:23:42Z 132  0.7  21.3 67.1 1.0101 0.00  0.0
2020-09-01T00:24:42Z 155  0.6  21.3 67.0 1.0101 0.00  0.0
2020-09-01T00:25:42Z 152  0.8  21.3 67.2 1.0101 0.00  0.0
2020-09-01T00:26:42Z 146  0.9  21.4 67.0 1.0101 0.00  0.0
2020-09-01T00:27:42Z 114  0.8  21.4 67.0 1.0101 0.00  0.0
2020-09-01T00:28:42Z 109  1.0  21.4 67.1 1.0101 0.00  0.0
2020-09-01T00:29:42Z 034  0.2  21.4 67.4 1.0101 0.00  0.0
2020-09-01T00:30:42Z 133  0.7  21.4 67.2 1.0101 0.00  0.0
2020-09-01T00:31:42Z 138  0.4  21.4 67.1 1.0101 0.00  0.0
2020-09-01T00:32:42Z 070  0.3  21.4 67.0 1.0101 0.00  0.0
2020-09-01T00:33:42Z 080  0.5  21.4 67.1 1.0101 0.00  0.0
2020-09-01T00:34:42Z 068  1.0  21.4 66.9 1.0100 0.00  0.0
2020-09-01T00:35:42Z 041  0.9  21.4 67.3 1.0100 0.00  0.0
2020-09-01T00:36:42Z 060  1.0  21.4 67.6 1.0100 0.00  0.0
2020-09-01T00:37:42Z 063  0.3  21.4 67.6 1.0100 0.00  0.0
2020-09-01T00:38:42Z 057  0.4  21.4 67.8 1.0100 0.00  0.0
2020-09-01T00:39:42Z 048  1.0  21.3 67.9 1.0100 0.00  0.0
2020-09-01T00:40:42Z 037  1.4  21.3 68.0 1.0100 0.00  0.0
2020-09-01T00:41:42Z 052  1.1  21.3 68.2 1.0100 0.00  0.0
2020-09-01T00:42:42Z 034  1.1  21.2 68.3 1.0100 0.00  0.0
2020-09-01T00:43:42Z 047  1.2  21.2 68.4 1.0100 0.00  0.0
2020-09-01T00:44:42Z 033  1.2  21.2 68.5 1.0100 0.00  0.0
2020-09-01T00:45:42Z 013  0.7  21.2 68.7 1.0100 0.00  0.0
2020-09-01T00:46:42Z 329  0.4  21.1 68.7 1.0100 0.00  0.0
2020-09-01T00:47:42Z 018  0.8  21.1 68.8 1.0100 0.00  0.0
2020-09-01T00:48:42Z 019  1.4  21.1 68.9 1.0100 0.00  0.0
2020-09-01T00:49:42Z 049  1.9  21.1 69.0 1.0100 0.00  0.0
2020-09-01T00:50:42Z 043  1.2  21.1 69.0 1.0099 0.00  0.0
2020-09-01T00:51:42Z 050  1.0  21.1 69.1 1.0099 0.00  0.0
2020-09-01T00:52:42Z 045  1.0  21.1 69.1 1.0099 0.00  0.0
2020-09-01T00:53:42Z 037  1.6  21.1 69.3 1.0099 0.00  0.0
2020-09-01T00:54:42Z 357  0.8  21.1 69.5 1.0099 0.00  0.0
2020-09-01T00:55:42Z 107  0.2  21.1 69.6 1.0099 0.00  0.0
2020-09-01T00:56:42Z 038  1.9  21.0 69.7 1.0099 0.00  0.0
2020-09-01T00:57:42Z 034  1.3  21.0 69.9 1.0100 0.00  0.0
2020-09-01T00:58:42Z 044  1.2  21.0 70.1 1.0100 0.00  0.0
2020-09-01T00:59:42Z 000  0.6  21.0 70.3 1.0100 0.00  0.0
2020-09-01T01:00:42Z 038  0.5  21.0 70.4 1.0100 0.00  0.0
2020-09-01T01:01:42Z 056  0.7  21.0 70.4 1.0100 0.00  0.0
2020-09-01T01:02:42Z 005  0.5  21.0 70.2 1.0100 0.00  0.0
2020-09-01T01:03:42Z 049  0.8  21.0 70.2 1.0100 0.00  0.0
2020-09-01T01:04:42Z 018  1.4  21.0 70.2 1.0099 0.00  0.0
2020-09-01T01:05:42Z 062  0.4  21.0 70.1 1.0099 0.00  0.0
2020-09-01T01:06:42Z 057  0.4  21.0 70.1 1.0099 0.00  0.0
2020-09-01T01:07:42Z 074  1.2  21.0 70.3 1.0100 0.00  0.0
2020-09-01T01:08:42Z 047  0.9  20.9 70.3 1.0100 0.00  0.0
2020-09-01T01:09:42Z 049  0.8  20.9 70.5 1.0100 0.00  0.0
2020-09-01T01:10:42Z 066  1.1  20.9 70.6 1.0101 0.00  0.0
2020-09-01T01:11:42Z 056  1.3  20.9 70.9 1.0101 0.00  0.0
2020-09-01T01:12:42Z 025  1.6  20.9 70.8 1.0101 0.00  0.0
2020-09-01T01:13:42Z 062  1.5  20.8 71.0 1.0102 0.00  0.0
2020-09-01T01:14:42Z 000  0.8  20.8 71.3 1.0102 0.00  0.0
2020-09-01T01:15:42Z 048  1.3  20.8 71.5 1.0102 0.00  0.0
2020-09-01T01:16:42Z 060  1.4  20.8 71.3 1.0102 0.00  0.0
2020-09-01T01:17:42Z 033  1.4  20.8 71.3 1.0102 0.00  0.0
2020-09-01T01:18:42Z 051  0.6  20.8 71.4 1.0102 0.00  0.0
2020-09-01T01:19:42Z 067  1.1  20.8 71.4 1.0102 0.00  0.0
2020-09-01T01:20:42Z 033  0.7  20.8 71.6 1.0102 0.00  0.0
2020-09-01T01:21:42Z 038  0.7  20.8 71.7 1.0102 0.00  0.0
2020-09-01T01:22:42Z 039  0.9  20.7 71.7 1.0102 0.00  0.0
2020-09-01T01:23:42Z 074  0.8  20.7 71.8 1.0103 0.00  0.0
2020-09-01T01:24:42Z 024  1.1  20.7 71.8 1.0103 0.00  0.0
2020-09-01T01:25:42Z 033  1.1  20.7 71.8 1.0103 0.00  0.0
2020-09-01T01:26:42Z 055  0.5  20.7 71.9 1.0104 0.00  0.0
2020-09-01T01:27:42Z 032  0.4  20.7 71.9 1.0104 0.00  0.0
2020-09-01T01:28:42Z 033  1.3  20.7 71.9 1.0105 0.00  0.0
2020-09-01T01:29:42Z 046  1.7  20.7 71.9 1.0105 0.00  0.0
2020-09-01T01:30:42Z 028  1.4  20.7 72.0 1.0105 0.00  0.0
2020-09-01T01:31:42Z 021  1.2  20.7 72.0 1.0105 0.00  0.0
2020-09-01T01:32:42Z 028  1.0  20.7 72.0 1.0105 0.00  0.0
2020-09-01T01:33:42Z 075  0.9  20.7 72.1 1.0105 0.00  0.0
2020-09-01T01:34:42Z 027  1.0  20.7 71.9 1.0105 0.00  0.0
2020-09-01T01:35:42Z 047  1.5  20.7 71.9 1.0105 0.00  0.0
2020-09-01T01:36:42Z 067  0.9  20.7 71.8 1.0105 0.00  0.0
2020-09-01T01:37:42Z 020  0.7  20.7 71.8 1.0105 0.00  0.0
2020-09-01T01:38:42Z 059  1.1  20.7 71.8 1.0105 0.00  0.0
2020-09-01T01:39:42Z 349  0.4  20.7 71.7 1.0105 0.00  0.0
2020-09-01T01:40:42Z 051  1.1  20.7 71.7 1.0105 0.00  0.0
2020-09-01T01:41:42Z 359  0.6  20.7 71.7 1.0105 0.00  0.0
2020-09-01T01:42:42Z 031  1.0  20.7 71.6 1.0105 0.00  0.0
2020-09-01T01:43:42Z 039  1.5  20.7 71.7 1.0106 0.00  0.0
2020-09-01T01:44:42Z 053  0.5  20.7 71.7 1.0105 0.00  0.0
2020-09-01T01:45:42Z 063  0.6  20.7 71.7 1.0105 0.00  0.0
2020-09-01T01:46:42Z 018  0.4  20.7 71.8 1.0106 0.00  0.0
2020-09-01T01:47:42Z 357  0.4  20.7 71.9 1.0106 0.00  0.0
2020-09-01T01:48:42Z 084  0.5  20.7 71.9 1.0106 0.00  0.0
2020-09-01T01:49:42Z 095  0.8  20.7 72.0 1.0107 0.00  0.0
2020-09-01T01:50:42Z 017  0.9  20.7 72.1 1.0107 0.00  0.0
2020-09-01T01:51:42Z 001  1.0  20.7 72.1 1.0106 0.00  0.0
2020-09-01T01:52:42Z 061  1.0  20.7 72.1 1.0106 0.00  0.0
2020-09-01T01:53:42Z 016  1.3  20.7 72.2 1.0106 0.00  0.0
2020-09-01T01:54:42Z 029  1.3  20.7 72.2 1.0106 0.00  0.0
2020-09-01T01:55:42Z 018  1.5  20.7 72.1 1.0106 0.00  0.0
2020-09-01T01:56:42Z 019  0.9  20.7 72.3 1.0107 0.00  0.0
2020-09-01T01:57:42Z 019  1.3  20.6 72.2 1.0107 0.00  0.0
2020-09-01T01:58:42Z 019  0.8  20.7 72.1 1.0108 0.00  0.0
2020-09-01T01:59:42Z 003  0.5  20.7 72.2 1.0108 0.00  0.0
2020-09-01T02:00:42Z 009  0.6  20.6 72.4 1.0108 0.00  0.0
2020-09-01T02:01:42Z 347  0.4  20.6 72.6 1.0108 0.00  0.0
2020-09-01T02:02:42Z 021  1.0  20.6 72.7 1.0108 0.00  0.0
2020-09-01T02:03:42Z 009  1.2  20.6 72.8 1.0108 0.00  0.0
2020-09-01T02:04:42Z 333  0.5  20.6 72.9 1.0107 0.00  0.0
2020-09-01T02:05:42Z 348  0.5  20.6 73.1 1.0107 0.00  0.0
2020-09-01T02:06:42Z 032  0.6  20.5 73.1 1.0107 0.00  0.0
2020-09-01T02:07:42Z 045  1.4  20.5 73.2 1.0107 0.00  0.0
2020-09-01T02:08:42Z 044  1.5  20.5 73.2 1.0106 0.00  0.0
2020-09-01T02:09:42Z 339  0.7  20.5 73.1 1.0106 0.00  0.0
2020-09-01T02:10:42Z 019  1.3  20.5 73.2 1.0106 0.00  0.0
2020-09-01T02:11:42Z 076  1.3  20.5 73.1 1.0106 0.00  0.0
2020-09-01T02:12:42Z 034  0.7  20.5 73.1 1.0106 0.00  0.0
2020-09-01T02:13:42Z 076  1.2  20.5 73.2 1.0106 0.00  0.0
2020-09-01T02:14:42Z 059  1.7  20.5 73.1 1.0106 0.00  0.0
2020-09-01T02:15:42Z 031  1.5  20.5 73.2 1.0106 0.00  0.0
2020-09-01T02:16:42Z 028  0.8  20.5 73.2 1.0106 0.00  0.0
2020-09-01T02:17:42Z 082  0.4  20.5 73.1 1.0106 0.00  0.0
2020-09-01T02:18:42Z 055  0.4  20.5 73.1 1.0107 0.00  0.0
2020-09-01T02:19:42Z 026  0.8  20.5 73.2 1.0106 0.00  0.0
2020-09-01T02:20:42Z 037  1.3  20.5 73.0 1.0106 0.00  0.0
2020-09-01T02:21:42Z 070  1.2  20.5 73.1 1.0107 0.00  0.0
2020-09-01T02:22:42Z 031  1.2  20.5 72.9 1.0107 0.00  0.0
2020-09-01T02:23:42Z 085  1.0  20.5 73.1 1.0107 0.00  0.0
2020-09-01T02:24:42Z 045  1.1  20.5 73.1 1.0107 0.00  0.0
2020-09-01T02:25:42Z 071  0.7  20.5 73.2 1.0107 0.00  0.0
2020-09-01T02:26:42Z 038  0.7  20.5 73.2 1.0108 0.00  0.0
2020-09-01T02:27:42Z 346  0.6  20.5 73.1 1.0108 0.00  0.0
2020-09-01T02:28:42Z 041  0.8  20.5 73.2 1.0108 0.00  0.0
2020-09-01T02:29:42Z 358  0.8  20.5 73.4 1.0108 0.00  0.0
2020-09-01T02:30:42Z 025  1.5  20.4 73.4 1.0108 0.00  0.0
2020-09-01T02:31:42Z 012  1.3  20.4 73.5 1.0108 0.00  0.0
2020-09-01T02:32:42Z 041  0.6  20.4 73.4 1.0108 0.00  0.0
2020-09-01T02:33:42Z 043  1.1  20.4 73.3 1.0108 0.00  0.0
2020-09-01T02:34:42Z 040  0.4  20.4 73.4 1.0108 0.00  0.0
2020-09-01T02:35:42Z 015  1.1  20.4 73.4 1.0109 0.00  0.0
2020-09-01T02:36:42Z 010  1.1  20.4 73.5 1.0109 0.00  0.0
2020-09-01T02:37:42Z 337  0.4  20.4 73.6 1.0109 0.00  0.0
2020-09-01T02:38:42Z 178  0.6  20.4 73.6 1.0109 0.00  0.0
2020-09-01T02:39:42Z 025  0.8  20.4 73.5 1.0109 0.00  0.0
2020-09-01T02:40:42Z 050  0.7  20.4 73.5 1.0109 0.00  0.0
2020-09-01T02:41:42Z 029  1.1  20.4 73.3 1.0109 0.00  0.0
2020-09-01T02:42:42Z 025  0.7  20.4 73.5 1.0109 0.00  0.0
2020-09-01T02:43:42Z 054  1.3  20.4 73.3 1.0109 0.00  0.0
2020-09-01T02:44:42Z 037  1.5  20.4 73.3 1.0108 0.00  0.0
2020-09-01T02:45:42Z 045  0.9  20.4 73.3 1.0108 0.00  0.0
2020-09-01T02:46:42Z 076  1.3  20.4 73.3 1.0108 0.00  0.0
2020-09-01T02:47:42Z 023  0.9  20.4 73.3 1.0108 0.00  0.0
2020-09-01T02:48:42Z 060  1.4  20.4 73.3 1.0108 0.00  0.0
2020-09-01T02:49:42Z 048  1.8  20.4 73.3 1.0108 0.00  0.0
2020-09-01T02:50:42Z 021  1.6  20.4 73.4 1.0108 0.00  0.0
2020-09-01T02:51:42Z 047  1.3  20.4 73.4 1.0107 0.00  0.0
2020-09-01T02:52:42Z 059  1.9  20.4 73.5 1.0107 0.00  0.0
2020-09-01T02:53:42Z 056  1.6  20.3 73.6 1.0107 0.00  0.0
2020-09-01T02:54:42Z 066  2.1  20.3 73.7 1.0107 0.00  0.0
2020-09-01T02:55:42Z 069  2.4  20.3 73.8 1.0106 0.00  0.0
2020-09-01T02:56:42Z 057  1.6  20.3 73.9 1.0106 0.00  0.0
2020-09-01T02:57:42Z 056  1.2  20.3 73.9 1.0106 0.00  0.0
2020-09-01T02:58:42Z 064  1.6  20.3 74.0 1.0106 0.00  0.0
2020-09-01T02:59:42Z 036  1.6  20.2 74.2 1.0106 0.00  0.0
2020-09-01T03:00:42Z 053  0.8  20.2 74.3 1.0106 0.00  0.0
2020-09-01T03:01:42Z 073  0.9  20.2 74.4 1.0107 0.00  0.0
2020-09-01T03:02:42Z 050  0.7  20.2 74.5 1.0107 0.00  0.0
2020-09-01T03:03:42Z 069  1.3  20.2 74.5 1.0107 0.00  0.0
2020-09-01T03:04:42Z 071  1.6  20.2 74.7 1.0107 0.00  0.0
2020-09-01T03:05:42Z 064  1.2  20.2 74.5 1.0107 0.00  0.0
2020-09-01T03:06:42Z 013  0.9  20.2 74.4 1.0107 0.00  0.0
2020-09-01T03:07:42Z 039  1.4  20.2 74.5 1.0107 0.00  0.0
2020-09-01T03:08:42Z 033  1.8  20.2 74.4 1.0107 0.00  0.0
2020-09-01T03:09:42Z 053  1.3  20.2 74.6 1.0107 0.00  0.0
2020-09-01T03:10:42Z 059  1.2  20.2 74.4 1.0107 0.00  0.0
2020-09-01T03:11:42Z 027  1.9  20.2 74.5 1.0108 0.00  0.0
2020-09-01T03:12:42Z 030  1.2  20.2 74.4 1.0108 0.00  0.0
2020-09-01T03:13:42Z 050  2.0  20.2 74.4 1.0108 0.00  0.0
2020-09-01T03:14:42Z 061  1.2  20.3 74.4 1.0108 0.00  0.0
2020-09-01T03:15:42Z 023  0.8  20.3 74.4 1.0109 0.00  0.0
2020-09-01T03:16:42Z 042  1.2  20.3 74.3 1.0109 0.00  0.0
2020-09-01T03:17:42Z 023  0.9  20.3 74.5 1.0109 0.00  0.0
2020-09-01T03:18:42Z 017  0.5  20.3 74.5 1.0109 0.00  0.0
2020-09-01T03:19:42Z 036  1.4  20.3 74.5 1.0109 0.00  0.0
2020-09-01T03:20:42Z 029  1.3  20.3 74.6 1.0110 0.00  0.0
2020-09-01T03:21:42Z 044  0.7  20.3 74.6 1.0110 0.00  0.0
2020-09-01T03:22:42Z 018  0.7  20.3 74.5 1.0110 0.00  0.0
2020-09-01T03:23:42Z 349  0.7  20.3 74.3 1.0110 0.00  0.0
2020-09-01T03:24:42Z 070  0.4  20.3 74.3 1.0110 0.00  0.0
2020-09-01T03:25:42Z 044  1.5  20.3 74.3 1.0110 0.00  0.0
2020-09-01T03:26:42Z 034  0.7  20.3 74.3 1.0109 0.00  0.0
2020-09-01T03:27:42Z 045  1.5  20.3 74.3 1.0109 0.00  0.0
2020-09-01T03:28:42Z 033  1.3  20.3 74.5 1.0108 0.00  0.0
2020-09-01T03:29:42Z 032  1.0  20.3 74.6 1.0108 0.00  0.0
2020-09-01T03:30:42Z 042  1.3  20.3 74.8 1.0108 0.00  0.0
2020-09-01T03:31:42Z 031  1.8  20.3 74.8 1.0107 0.00  0.0
2020-09-01T03:32:42Z 038  1.5  20.3 74.9 1.0107 0.00  0.0
2020-09-01T03:33:42Z 082  0.8  20.3 75.1 1.0107 0.00  0.0
2020-09-01T03:34:42Z 057  1.7  20.2 75.1 1.0107 0.00  0.0
2020-09-01T03:35:42Z 054  1.1  20.2 75.2 1.0107 0.00  0.0
2020-09-01T03:36:42Z 038  1.0  20.2 75.3 1.0107 0.00  0.0
2020-09-01T03:37:42Z 069  1.5  20.2 75.4 1.0107 0.00  0.0
2020-09-01T03:38:42Z 073  1.5  20.2 75.4 1.0108 0.00  0.0
2020-09-01T03:39:42Z 069  1.5  20.2 75.4 1.0108 0.00  0.0
2020-09-01T03:40:42Z 074  0.8  20.2 75.4 1.0108 0.00  0.0
2020-09-01T03:41:42Z 071  1.4  20.2 75.4 1.0108 0.00  0.0
2020-09-01T03:42:42Z 087  1.4  20.2 75.4 1.0108 0.00  0.0
2020-09-01T03:43:42Z 095  0.8  20.3 75.2 1.0108 0.00  0.0
2020-09-01T03:44:42Z 088  0.8  20.3 75.1 1.0108 0.00  0.0
2020-09-01T03:45:42Z 074  1.0  20.3 75.0 1.0108 0.00  0.0
2020-09-01T03:46:42Z 058  1.0  20.3 75.2 1.0109 0.00  0.0
2020-09-01T03:47:42Z 023  0.4  20.3 74.9 1.0108 0.00  0.0
2020-09-01T03:48:42Z 078  1.2  20.4 75.1 1.0108 0.00  0.0
2020-09-01T03:49:42Z 027  1.6  20.4 74.9 1.0108 0.00  0.0
2020-09-01T03:50:42Z 065  1.5  20.4 74.9 1.0107 0.00  0.0
2020-09-01T03:51:42Z 061  1.9  20.4 75.1 1.0107 0.00  0.0
2020-09-01T03:52:42Z 058  1.3  20.4 75.2 1.0107 0.00  0.0
2020-09-01T03:53:42Z 064  1.8  20.3 75.1 1.0106 0.00  0.0
2020-09-01T03:54:42Z 058  1.3  20.3 75.2 1.0106 0.00  0.0
2020-09-01T03:55:42Z 079  0.8  20.3 75.3 1.0106 0.00  0.0
2020-09-01T03:56:42Z 041  1.3  20.3 75.3 1.0106 0.00  0.0
2020-09-01T03:57:42Z 034  1.0  20.3 75.4 1.0106 0.00  0.0
2020-09-01T03:58:42Z 035  1.3  20.3 75.4 1.0106 0.00  0.0
2020-09-01T03:59:42Z 049  1.6  20.3 75.4 1.0106 0.00  0.0
2020-09-01T04:00:42Z 063  1.3  20.3 75.5 1.0106 0.00  0.0
2020-09-01T04:01:42Z 053  0.8  20.3 75.5 1.0106 0.00  0.0
2020-09-01T04:02:42Z 061  1.7  20.3 75.7 1.0106 0.00  0.0
2020-09-01T04:03:42Z 059  1.1  20.2 75.6 1.0106 0.00  0.0
2020-09-01T04:04:42Z 059  0.8  20.2 75.6 1.0106 0.00  0.0
2020-09-01T04:05:42Z 030  1.1  20.2 75.6 1.0106 0.00  0.0
2020-09-01T04:06:42Z 053  1.2  20.2 75.7 1.0106 0.00  0.0
2020-09-01T04:07:42Z 052  1.1  20.2 75.8 1.0106 0.00  0.0
2020-09-01T04:08:42Z 052  1.2  20.2 75.8 1.0106 0.00  0.0
2020-09-01T04:09:42Z 052  1.5  20.2 75.9 1.0106 0.00  0.0
2020-09-01T04:10:42Z 073  0.7  20.2 76.0 1.0106 0.00  0.0
2020-09-01T04:11:42Z 047  1.3  20.2 76.0 1.0105 0.00  0.0
2020-09-01T04:12:42Z 071  0.7  20.2 75.9 1.0105 0.00  0.0
2020-09-01T04:13:42Z 066  0.9  20.2 75.8 1.0105 0.00  0.0
2020-09-01T04:14:42Z 067  1.4  20.2 75.9 1.0104 0.00  0.0
2020-09-01T04:15:42Z 059  1.4  20.2 76.1 1.0104 0.00  0.0
2020-09-01T04:16:42Z 089  1.0  20.2 76.3 1.0104 0.00  0.0
2020-09-01T04:17:42Z 053  1.7  20.2 76.4 1.0104 0.00  0.0
2020-09-01T04:18:42Z 087  0.3  20.2 76.4 1.0104 0.00  0.0
2020-09-01T04:19:42Z 102  0.6  20.2 76.4 1.0104 0.00  0.0
2020-09-01T04:20:42Z 084  0.2  20.2 76.2 1.0103 0.00  0.0
2020-09-01T04:21:42Z 132  1.0  20.2 76.2 1.0103 0.02  0.0
2020-09-01T04:22:42Z 089  0.7  20.2 76.1 1.0103 0.03  0.0
2020-09-01T04:23:42Z 097  1.2  20.2 76.4 1.0103 0.02  0.0
2020-09-01T04:24:42Z 107  1.0  20.2 76.1 1.0103 0.03  0.0
2020-09-01T04:25:42Z 290  0.2  20.2 76.1 1.0103 0.02  0.0
2020-09-01T04:26:42Z 155  0.2  20.2 77.0 1.0103 0.00  0.0
2020-09-01T04:27:42Z 093  0.4  20.2 76.6 1.0102 0.01  0.0
2020-09-01T04:28:42Z 073  0.9  20.2 77.1 1.0102 0.01  0.0
2020-09-01T04:29:42Z 094  0.6  20.2 77.1 1.0102 0.01  0.0
2020-09-01T04:30:42Z 069  1.0  20.2 77.1 1.0102 0.03  0.0
2020-09-01T04:31:42Z 086  0.4  20.2 77.1 1.0102 0.02  0.0
2020-09-01T04:32:42Z 058  0.6  20.2 77.4 1.0102 0.02  0.0
2020-09-01T04:33:42Z 047  0.9  20.2 78.1 1.0101 0.00  0.0
2020-09-01T04:34:42Z 058  1.0  20.1 78.0 1.0101 0.01  0.0
2020-09-01T04:35:42Z 058  1.2  20.1 77.9 1.0101 0.00  0.0
2020-09-01T04:36:42Z 077  1.0  20.1 78.6 1.0101 0.01  0.0
2020-09-01T04:37:42Z 045  1.3  20.0 78.8 1.0101 0.00  0.0
2020-09-01T04:38:42Z 069  1.2  20.0 78.9 1.0101 0.00  0.0
2020-09-01T04:39:42Z 044  0.8  19.9 79.1 1.0101 0.00  0.0
2020-09-01T04:40:42Z 085  0.6  19.9 79.4 1.0101 0.00  0.0
2020-09-01T04:41:42Z 070  1.3  19.9 79.8 1.0101 0.00  0.0
2020-09-01T04:42:42Z 043  1.6  19.9 79.7 1.0101 0.00  0.0
2020-09-01T04:43:42Z 061  1.4  19.8 79.9 1.0101 0.00  0.0
2020-09-01T04:44:42Z 082  1.3  19.8 80.1 1.0101 0.00  0.0
2020-09-01T04:45:42Z 066  1.8  19.8 80.3 1.0100 0.01  0.0
2020-09-01T04:46:42Z 065  1.8  19.8 80.3 1.0100 0.00  0.0
2020-09-01T04:47:42Z 073  1.5  19.7 80.5 1.0100 0.00  0.0
2020-09-01T04:48:42Z 082  1.1  19.7 80.5 1.0100 0.00  0.0
2020-09-01T04:49:42Z 105  0.7  19.7 80.9 1.0101 0.00  0.0
2020-09-01T04:50:42Z 082  0.6  19.7 80.7 1.0101 0.00  0.0
2020-09-01T04:51:42Z 088  0.6  19.7 81.2 1.0101 0.00  0.0
2020-09-01T04:52:42Z 091  0.9  19.7 81.1 1.0101 0.00  0.0
2020-09-01T04:53:42Z 090  1.5  19.7 80.6 1.0101 0.00  0.0
2020-09-01T04:54:42Z 085  2.7  19.7 80.2 1.0101 0.00  0.0
2020-09-01T04:55:42Z 087  1.1  19.8 80.3 1.0101 0.00  0.0
2020-09-01T04:56:42Z 063  0.6  19.8 80.2 1.0101 0.00  0.0
2020-09-01T04:57:42Z 063  1.1  19.8 80.5 1.0102 0.00  0.0
2020-09-01T04:58:42Z 096  0.9  19.8 80.4 1.0102 0.00  0.0
2020-09-01T04:59:42Z 100  1.0  19.8 80.4 1.0102 0.00  0.0
2020-09-01T05:00:42Z 094  0.6  19.9 80.1 1.0102 0.00  0.0
2020-09-01T05:01:42Z 036  0.6  19.9 79.9 1.0103 0.00  0.0
2020-09-01T05:02:42Z 220  0.3  19.9 80.4 1.0103 0.00  0.0
2020-09-01T05:03:42Z 123  0.1  19.9 80.7 1.0103 0.00  0.0
2020-09-01T05:04:42Z 115  0.4  19.9 80.8 1.0103 0.00  0.0
2020-09-01T05:05:42Z 027  0.3  19.8 81.1 1.0103 0.00  0.0
2020-09-01T05:06:42Z 141  0.5  19.9 80.6 1.0103 0.00  0.0
2020-09-01T05:07:42Z 241  0.2  19.8 80.2 1.0103 0.00  0.0
2020-09-01T05:08:42Z 127  0.2  19.9 80.2 1.0103 0.00  0.0
2020-09-01T05:09:42Z 125  0.8  19.9 80.5 1.0103 0.00  0.0
2020-09-01T05:10:42Z 139  1.3  19.9 80.5 1.0103 0.00  0.0
2020-09-01T05:11:42Z 115  0.8  19.9 79.9 1.0103 0.00  0.0
2020-09-01T05:12:42Z 163  1.8  19.9 80.2 1.0103 0.00  0.0
2020-09-01T05:13:42Z 188  3.0  19.9 80.5 1.0104 0.00  0.0
2020-09-01T05:14:42Z 205  3.5  19.9 80.9 1.0104 0.00  0.0
2020-09-01T05:15:42Z 233  1.9  19.8 81.2 1.0104 0.00  0.0
2020-09-01T05:16:42Z 241  1.0  19.7 82.1 1.0104 0.00  0.0
2020-09-01T05:17:42Z 249  1.2  19.7 82.3 1.0105 0.00  0.0
2020-09-01T05:18:42Z 198  1.5  19.6 81.7 1.0105 0.00  0.0
2020-09-01T05:19:42Z 242  2.8  19.6 82.2 1.0105 0.00  0.0
2020-09-01T05:20:42Z 238  2.0  19.6 82.2 1.0105 0.00  0.0
2020-09-01T05:21:42Z 223  0.6  19.6 82.6 1.0105 0.00  0.0
2020-09-01T05:22:42Z 265  1.0  19.6 82.8 1.0105 0.00  0.0
2020-09-01T05:23:42Z 239  1.1  19.6 82.8 1.0104 0.00  0.0
2020-09-01T05:24:42Z 266  0.4  19.5 83.1 1.0104 0.00  0.0
2020-09-01T05:25:42Z 212  1.4  19.5 83.2 1.0104 0.00  0.0
2020-09-01T05:26:42Z 296  1.2  19.5 83.0 1.0104 0.00  0.0
2020-09-01T05:27:42Z 273  1.5  19.5 82.7 1.0104 0.00  0.0
2020-09-01T05:28:42Z 154  0.3  19.4 83.1 1.0104 0.00  0.0
2020-09-01T05:29:42Z 285  1.7  19.4 83.1 1.0104 0.00  0.0
2020-09-01T05:30:42Z 276  1.3  19.4 83.0 1.0103 0.00  0.0
2020-09-01T05:31:42Z 256  0.6  19.5 83.0 1.0103 0.00  0.0
2020-09-01T05:32:42Z 243  0.2  19.5 83.1 1.0103 0.00  0.0
2020-09-01T05:33:42Z 310  1.0  19.5 83.2 1.0103 0.00  0.0
2020-09-01T05:34:42Z 288  1.3  19.4 83.0 1.0102 0.00  0.0
2020-09-01T05:35:42Z 250  0.8  19.4 82.9 1.0102 0.00  0.0
2020-09-01T05:36:42Z 259  0.5  19.4 83.0 1.0102 0.00  0.0
2020-09-01T05:37:42Z 273  1.2  19.4 83.1 1.0102 0.00  0.0
2020-09-01T05:38:42Z 244  0.3  19.4 83.4 1.0102 0.00  0.0
2020-09-01T05:39:42Z 286  0.8  19.4 83.5 1.0103 0.00  0.0
2020-09-01T05:40:42Z 274  1.3  19.4 83.7 1.0103 0.00  0.0
2020-09-01T05:41:42Z 280  1.3  19.4 83.7 1.0103 0.00  0.0
2020-09-01T05:42:42Z 332  0.4  19.4 83.7 1.0103 0.00  0.0
2020-09-01T05:43:42Z 292  0.3  19.4 83.8 1.0103 0.00  0.0
2020-09-01T05:44:42Z 347  0.9  19.4 83.7 1.0103 0.00  0.0
2020-09-01T05:45:42Z 052  0.3  19.4 83.6 1.0103 0.00  0.0
2020-09-01T05:46:42Z 330  0.9  19.4 83.6 1.0102 0.00  0.0
2020-09-01T05:47:42Z 335  0.7  19.4 83.5 1.0102 0.00  0.0
2020-09-01T05:48:42Z 322  0.8  19.4 83.4 1.0102 0.00  0.0
2020-09-01T05:49:42Z 339  0.6  19.4 83.4 1.0102 0.00  0.0
2020-09-01T05:50:42Z 075  0.2  19.4 83.1 1.0102 0.00  0.0
2020-09-01T05:51:42Z 253  0.9  19.5 83.2 1.0102 0.00  0.0
2020-09-01T05:52:42Z 235  0.4  19.5 83.0 1.0102 0.00  0.0
2020-09-01T05:53:42Z 209  0.2  19.5 82.8 1.0102 0.00  0.0
2020-09-01T05:54:42Z 261  0.8  19.5 83.2 1.0102 0.00  0.0
2020-09-01T05:55:42Z 268  0.6  19.6 83.3 1.0102 0.00  0.0
2020-09-01T05:56:42Z 277  0.2  19.6 82.6 1.0102 0.00  0.0
2020-09-01T05:57:42Z 259  1.0  19.6 82.4 1.0102 0.00  0.0
2020-09-01T05:58:42Z 278  0.6  19.6 82.3 1.0102 0.00  0.0
2020-09-01T05:59:42Z 255  0.9  19.7 82.2 1.0102 0.00  0.0
2020-09-01T06:00:42Z 280  0.8  19.7 82.4 1.0102 0.00  0.0
2020-09-01T06:01:42Z 144  0.3  19.7 82.3 1.0102 0.00  0.0
2020-09-01T06:02:42Z 307  0.9  19.7 82.3 1.0102 0.00  0.0
2020-09-01T06:03:42Z 271  0.2  19.7 82.2 1.0102 0.00  0.0
2020-09-01T06:04:42Z 015  0.4  19.7 82.3 1.0102 0.00  0.0
2020-09-01T06:05:42Z 294  1.2  19.7 82.2 1.0102 0.00  0.0
2020-09-01T06:06:42Z 343  0.2  19.7 82.1 1.0101 0.00  0.0
2020-09-01T06:07:42Z 182  0.5  19.7 82.1 1.0101 0.00  0.0
2020-09-01T06:08:42Z 006  0.3  19.8 82.5 1.0101 0.00  0.0
2020-09-01T06:09:42Z 250  0.5  19.8 82.4 1.0101 0.00  0.0
2020-09-01T06:10:42Z 022  0.1  19.8 82.4 1.0101 0.00  0.0
2020-09-01T06:11:42Z 084  0.7  19.8 82.5 1.0101 0.00  0.0
2020-09-01T06:12:42Z 104  1.4  19.8 82.9 1.0101 0.00  0.0
2020-09-01T06:13:42Z 091  0.6  19.8 82.7 1.0101 0.00  0.0
2020-09-01T06:14:42Z 352  0.1  19.8 82.3 1.0101 0.00  0.0
2020-09-01T06:15:42Z 280  0.8  19.8 82.2 1.0101 0.00  0.0
2020-09-01T06:16:42Z 294  0.6  19.8 83.1 1.0101 0.00  0.0
2020-09-01T06:17:42Z 264  0.8  19.8 83.0 1.0101 0.00  0.0
2020-09-01T06:18:42Z 207  0.4  19.8 82.4 1.0101 0.00  0.0
2020-09-01T06:19:42Z 221  0.4  19.8 82.5 1.0101 0.00  0.0
2020-09-01T06:20:42Z 201  0.3  19.8 82.7 1.0101 0.00  0.0
2020-09-01T06:21:42Z 115  0.6  19.8 82.6 1.0101 0.00  0.0
2020-09-01T06:22:42Z 103  0.3  19.8 82.4 1.0101 0.00  0.0
2020-09-01T06:23:42Z 136  0.8  19.9 82.1 1.0101 0.00  0.0
2020-09-01T06:24:42Z 166  0.5  19.9 81.9 1.0101 0.00  0.0
2020-09-01T06:25:42Z 212  0.8  19.9 82.2 1.0101 0.00  0.0
2020-09-01T06:26:42Z 110  0.3  19.9 82.2 1.0101 0.00  0.0
2020-09-01T06:27:42Z 135  0.5  19.9 82.0 1.0101 0.00  0.0
2020-09-01T06:28:42Z 113  0.2  19.9 81.9 1.0101 0.00  0.0
2020-09-01T06:29:42Z 128  0.2  20.0 82.0 1.0101 0.00  0.0
2020-09-01T06:30:42Z 116  0.6  20.0 81.9 1.0101 0.00  0.0
2020-09-01T06:31:42Z 148  0.3  19.9 81.8 1.0101 0.00  0.0
2020-09-01T06:32:42Z 305  0.1  20.0 81.7 1.0101 0.00  0.0
2020-09-01T06:33:42Z 167  1.0  19.9 81.7 1.0101 0.00  0.0
2020-09-01T06:34:42Z 121  0.5  20.0 81.9 1.0101 0.00  0.0
2020-09-01T06:35:42Z 155  0.9  20.0 81.8 1.0101 0.00  0.0
2020-09-01T06:36:42Z 257  0.2  20.0 81.9 1.0101 0.00  0.0
2020-09-01T06:37:42Z 144  0.6  19.9 82.1 1.0101 0.00  0.0
2020-09-01T06:38:42Z 141  0.8  20.0 82.0 1.0101 0.00  0.0
2020-09-01T06:39:42Z 143  0.4  19.9 81.9 1.0102 0.00  0.0
2020-09-01T06:40:42Z 135  0.3  19.9 82.3 1.0102 0.00  0.0
2020-09-01T06:41:42Z 195  0.9  19.9 82.4 1.0102 0.00  0.0
2020-09-01T06:42:42Z 245  0.5  19.9 82.3 1.0102 0.00  0.0
2020-09-01T06:43:42Z 357  0.2  19.9 82.6 1.0102 0.00  0.0
2020-09-01T06:44:42Z 235  0.1  19.9 82.8 1.0102 0.00  0.0
2020-09-01T06:45:42Z 255  0.3  19.9 82.9 1.0102 0.00  0.0
2020-09-01T06:46:42Z 064  0.2  19.9 83.0 1.0102 0.00  0.0
2020-09-01T06:47:42Z 052  0.1  19.9 83.0 1.0102 0.00  0.0
2020-09-01T06:48:42Z 131  0.2  19.9 83.0 1.0102 0.00  0.0
2020-09-01T06:49:42Z 092  0.9  19.9 83.0 1.0102 0.00  0.0
2020-09-01T06:50:42Z 333  0.2  19.9 83.0 1.0102 0.00  0.0
2020-09-01T06:51:42Z 347  0.1  19.9 83.0 1.0102 0.00  0.0
2020-09-01T06:52:42Z 225  0.1  19.9 83.2 1.0102 0.00  0.0
2020-09-01T06:53:42Z 353  0.4  19.9 83.5 1.0102 0.00  0.0
2020-09-01T06:54:42Z 142  0.4  19.9 83.9 1.0102 0.00  0.0
2020-09-01T06:55:42Z 271  0.2  19.9 84.0 1.0102 0.00  0.0
2020-09-01T06:56:42Z 115  0.6  19.9 84.1 1.0103 0.00  0.0
2020-09-01T06:57:42Z 216  0.1  19.9 84.1 1.0103 0.00  0.0
2020-09-01T06:58:42Z 218  0.0  19.8 83.9 1.0103 0.00  0.0
2020-09-01T06:59:42Z 075  0.2  19.8 84.1 1.0102 0.00  0.0
2020-09-01T07:00:42Z 191  0.4  19.8 84.4 1.0102 0.00  0.0
2020-09-01T07:01:42Z 196  0.2  19.8 84.3 1.0102 0.00  0.0
2020-09-01T07:02:42Z 329  0.2  19.8 84.3 1.0103 0.00  0.0
2020-09-01T07:03:42Z 016  0.2  19.8 84.5 1.0103 0.00  0.0
2020-09-01T07:04:42Z 260  0.3  19.8 84.7 1.0103 0.00  0.0
2020-09-01T07:05:42Z 188  1.1  19.8 84.6 1.0103 0.00  0.0
2020-09-01T07:06:42Z 204  1.1  19.8 84.2 1.0103 0.00  0.0
2020-09-01T07:07:42Z 292  0.4  19.8 84.0 1.0104 0.00  0.0
2020-09-01T07:08:42Z 225  0.5  19.7 84.3 1.0103 0.00  0.0
2020-09-01T07:09:42Z 226  0.7  19.7 84.3 1.0103 0.00  0.0
2020-09-01T07:10:42Z 121  0.4  19.7 84.5 1.0103 0.00  0.0
2020-09-01T07:11:42Z 137  0.2  19.7 84.4 1.0103 0.00  0.0
2020-09-01T07:12:42Z 105  0.3  19.7 84.2 1.0103 0.00  0.0
2020-09-01T07:13:42Z 193  0.2  19.7 84.2 1.0103 0.00  0.0
2020-09-01T07:14:42Z 351  0.1  19.8 84.1 1.0103 0.00  0.0
2020-09-01T07:15:42Z 098  0.1  19.8 84.0 1.0103 0.00  0.0
2020-09-01T07:16:42Z 106  0.3  19.8 83.7 1.0103 0.00  0.0
2020-09-01T07:17:42Z 079  0.3  19.8 83.7 1.0103 0.00  0.0
2020-09-01T07:18:42Z 285  0.1  19.8 83.6 1.0102 0.00  0.0
2020-09-01T07:19:42Z 346  0.2  19.8 83.4 1.0102 0.00  0.0
2020-09-01T07:20:42Z 201  0.4  19.8 83.2 1.0102 0.00  0.0
2020-09-01T07:21:42Z 162  0.1  19.8 83.2 1.0102 0.00  0.0
2020-09-01T07:22:42Z 100  0.3  19.9 83.2 1.0102 0.00  0.0
2020-09-01T07:23:42Z 010  0.4  19.9 83.1 1.0101 0.00  0.0
2020-09-01T07:24:42Z 341  0.6  19.9 83.1 1.0101 0.00  0.0
2020-09-01T07:25:42Z 014  0.6  19.9 83.1 1.0101 0.00  0.0
2020-09-01T07:26:42Z 120  0.3  19.9 83.3 1.0100 0.00  0.0
2020-09-01T07:27:42Z 337  0.3  19.9 83.1 1.0100 0.00  0.0
2020-09-01T07:28:42Z 042  0.4  19.9 83.1 1.0100 0.00  0.0
2020-09-01T07:29:42Z 268  0.2  19.9 83.1 1.0100 0.00  0.0
2020-09-01T07:30:42Z 280  0.3  19.9 83.0 1.0100 0.00  0.0
2020-09-01T07:31:42Z 202  0.2  19.9 83.0 1.0099 0.00  0.0
2020-09-01T07:32:42Z 343  0.2  19.9 83.1 1.0099 0.00  0.0
2020-09-01T07:33:42Z 267  0.5  19.9 82.9 1.0099 0.00  0.0
2020-09-01T07:34:42Z 261  0.3  19.9 83.0 1.0099 0.00  0.0
2020-09-01T07:35:42Z 241  0.2  19.9 82.8 1.0099 0.00  0.0
2020-09-01T07:36:42Z 188  0.1  19.9 82.8 1.0099 0.00  0.0
2020-09-01T07:37:42Z 044  0.1  20.0 82.7 1.0099 0.00  0.0
2020-09-01T07:38:42Z 044  0.0  20.0 82.7 1.0099 0.00  0.0
2020-09-01T07:39:42Z 058  0.5  20.0 82.7 1.0099 0.00  0.0
2020-09-01T07:40:42Z 033  0.3  20.0 82.9 1.0099 0.00  0.0
2020-09-01T07:41:42Z 032  0.7  20.0 83.0 1.0099 0.00  0.0
2020-09-01T07:42:42Z 156  0.1  20.0 83.3 1.0099 0.00  0.0
2020-09-01T07:43:42Z 347  0.4  20.0 83.3 1.0098 0.00  0.0
2020-09-01T07:44:42Z 017  0.9  20.0 83.8 1.0098 0.00  0.0
2020-09-01T07:45:42Z 006  1.1  20.0 84.0 1.0098 0.00  0.0
2020-09-01T07:46:42Z 017  0.7  19.9 84.1 1.0098 0.00  0.0
2020-09-01T07:47:42Z 043  0.7  19.9 84.2 1.0098 0.00  0.0
2020-09-01T07:48:42Z 058  0.7  19.8 84.1 1.0098 0.00  0.0
2020-09-01T07:49:42Z 006  0.6  19.8 84.5 1.0098 0.00  0.0
2020-09-01T07:50:42Z 026  0.9  19.8 84.6 1.0098 0.00  0.0
2020-09-01T07:51:42Z 319  0.3  19.7 84.7 1.0097 0.00  0.0
2020-09-01T07:52:42Z 020  0.7  19.7 84.7 1.0097 0.00  0.0
2020-09-01T07:53:42Z 080  0.4  19.7 84.9 1.0097 0.00  0.0
2020-09-01T07:54:42Z 011  0.7  19.7 84.9 1.0097 0.00  0.0
2020-09-01T07:55:42Z 056  0.8  19.7 85.3 1.0097 0.00  0.0
2020-09-01T07:56:42Z 095  0.5  19.7 85.2 1.0097 0.00  0.0
2020-09-01T07:57:42Z 070  0.2  19.7 85.1 1.0097 0.00  0.0
2020-09-01T07:58:42Z 110  0.3  19.6 85.1 1.0097 0.00  0.0
2020-09-01T07:59:42Z 027  1.8  19.6 85.3 1.0097 0.00  0.0
2020-09-01T08:00:42Z 052  0.6  19.6 85.1 1.0097 0.00  0.0
2020-09-01T08:01:42Z 010  1.0  19.6 85.2 1.0097 0.00  0.0
2020-09-01T08:02:42Z 042  1.0  19.5 85.3 1.0097 0.00  0.0
2020-09-01T08:03:42Z 160  0.3  19.5 85.4 1.0097 0.00  0.0
2020-09-01T08:04:42Z 037  1.2  19.5 85.7 1.0097 0.00  0.0
2020-09-01T08:05:42Z 041  1.6  19.5 85.7 1.0097 0.00  0.0
2020-09-01T08:06:42Z 030  1.1  19.4 85.7 1.0096 0.00  0.0
2020-09-01T08:07:42Z 055  0.5  19.4 85.6 1.0097 0.00  0.0
2020-09-01T08:08:42Z 035  0.2  19.4 85.7 1.0097 0.00  0.0
2020-09-01T08:09:42Z 051  0.2  19.4 85.8 1.0097 0.00  0.0
2020-09-01T08:10:42Z 049  0.2  19.4 85.7 1.0097 0.00  0.0
2020-09-01T08:11:42Z 357  0.2  19.4 85.6 1.0098 0.00  0.0
2020-09-01T08:12:42Z 071  0.9  19.4 85.6 1.0098 0.00  0.0
2020-09-01T08:13:42Z 114  0.7  19.4 85.6 1.0098 0.00  0.0
2020-09-01T08:14:42Z 103  0.1  19.4 85.6 1.0098 0.00  0.0
2020-09-01T08:15:42Z 083  0.9  19.4 85.5 1.0098 0.00  0.0
2020-09-01T08:16:42Z 035  0.3  19.4 85.4 1.0098 0.00  0.0
2020-09-01T08:17:42Z 104  0.5  19.4 85.1 1.0099 0.00  0.0
2020-09-01T08:18:42Z 091  1.0  19.5 85.2 1.0099 0.00  0.0
2020-09-01T08:19:42Z 036  0.5  19.5 85.3 1.0099 0.00  0.0
2020-09-01T08:20:42Z 119  0.1  19.4 85.2 1.0099 0.00  0.0
2020-09-01T08:21:42Z 078  0.6  19.4 85.3 1.0100 0.00  0.0
2020-09-01T08:22:42Z 025  0.9  19.4 85.4 1.0100 0.00  0.0
2020-09-01T08:23:42Z 063  0.6  19.4 85.4 1.0100 0.00  0.0
2020-09-01T08:24:42Z 021  0.5  19.4 85.6 1.0100 0.00  0.0
2020-09-01T08:25:42Z 029  0.3  19.4 85.7 1.0100 0.00  0.0
2020-09-01T08:26:42Z 018  0.9  19.3 85.7 1.0100 0.00  0.0
2020-09-01T08:27:42Z 057  0.3  19.3 85.7 1.0100 0.00  0.0
2020-09-01T08:28:42Z 197  0.1  19.3 85.7 1.0101 0.00  0.0
2020-09-01T08:29:42Z 163  0.2  19.3 85.8 1.0101 0.00  0.0
2020-09-01T08:30:42Z 177  0.2  19.3 85.9 1.0101 0.00  0.0
2020-09-01T08:31:42Z 130  0.2  19.4 85.6 1.0101 0.00  0.0
2020-09-01T08:32:42Z 154  0.3  19.4 85.4 1.0101 0.00  0.0
2020-09-01T08:33:42Z 127  0.2  19.4 85.3 1.0102 0.00  0.0
2020-09-01T08:34:42Z 354  0.1  19.4 85.1 1.0102 0.00  0.0
2020-09-01T08:35:42Z 000  0.1  19.4 84.8 1.0102 0.00  0.0
2020-09-01T08:36:42Z 236  0.1  19.5 84.6 1.0102 0.00  0.0
2020-09-01T08:37:42Z 011  0.2  19.5 84.7 1.0103 0.00  0.0
2020-09-01T08:38:42Z 027  0.3  19.5 85.0 1.0103 0.00  0.0
2020-09-01T08:39:42Z 032  0.3  19.5 85.0 1.0103 0.00  0.0
2020-09-01T08:40:42Z 017  0.2  19.5 85.0 1.0103 0.00  0.0
2020-09-01T08:41:42Z 351  0.3  19.5 84.9 1.0103 0.00  0.0
2020-09-01T08:42:42Z 091  0.3  19.5 84.9 1.0103 0.00  0.0
2020-09-01T08:43:42Z 325  0.1  19.5 84.9 1.0103 0.00  0.0
2020-09-01T08:44:42Z 033  0.7  19.5 84.7 1.0103 0.00  0.0
2020-09-01T08:45:42Z 351  0.3  19.5 84.7 1.0103 0.00  0.0
2020-09-01T08:46:42Z 013  0.2  19.5 84.8 1.0103 0.00  0.0
2020-09-01T08:47:42Z 325  0.2  19.5 84.8 1.0103 0.00  0.0
2020-09-01T08:48:42Z 008  0.4  19.5 84.8 1.0103 0.00  0.0
2020-09-01T08:49:42Z 041  0.8  19.5 84.8 1.0103 0.00  0.0
2020-09-01T08:50:42Z 036  1.0  19.5 84.7 1.0103 0.00  0.0
2020-09-01T08:51:42Z 040  0.3  19.5 84.9 1.0103 0.00  0.0
2020-09-01T08:52:42Z 027  0.3  19.5 84.9 1.0103 0.00  0.0
2020-09-01T08:53:42Z 034  0.9  19.5 84.4 1.0104 0.00  0.0
2020-09-01T08:54:42Z 024  1.0  19.5 84.4 1.0104 0.00  0.0
2020-09-01T08:55:42Z 018  0.7  19.5 84.6 1.0104 0.00  0.0
2020-09-01T08:56:42Z 020  0.8  19.5 84.7 1.0104 0.00  0.0
2020-09-01T08:57:42Z 028  0.6  19.5 84.7 1.0104 0.00  0.0
2020-09-01T08:58:42Z 012  0.6  19.5 84.7 1.0104 0.00  0.0
2020-09-01T08:59:42Z 081  0.9  19.5 84.6 1.0104 0.00  0.0
2020-09-01T09:00:42Z 010  1.1  19.4 84.7 1.0104 0.00  0.0
2020-09-01T09:01:42Z 013  0.6  19.4 84.7 1.0104 0.00  0.0
2020-09-01T09:02:42Z 324  0.6  19.4 84.8 1.0105 0.00  0.0
2020-09-01T09:03:42Z 341  0.8  19.4 84.9 1.0104 0.00  0.0
2020-09-01T09:04:42Z 341  0.9  19.4 85.1 1.0104 0.00  0.0
2020-09-01T09:05:42Z 013  1.0  19.4 85.3 1.0104 0.00  0.0
2020-09-01T09:06:42Z 010  1.3  19.4 85.4 1.0104 0.00  0.0
2020-09-01T09:07:42Z 006  1.2  19.4 85.1 1.0104 0.00  0.0
2020-09-01T09:08:42Z 023  1.1  19.3 85.3 1.0104 0.00  0.0
2020-09-01T09:09:42Z 009  0.4  19.3 85.3 1.0104 0.00  0.0
2020-09-01T09:10:42Z 023  0.7  19.3 85.3 1.0104 0.00  0.0
2020-09-01T09:11:42Z 034  1.3  19.3 85.4 1.0104 0.00  0.0
2020-09-01T09:12:42Z 008  1.0  19.3 85.5 1.0104 0.00  0.0
2020-09-01T09:13:42Z 025  0.4  19.3 85.5 1.0104 0.00  0.0
2020-09-01T09:14:42Z 023  0.9  19.3 85.6 1.0104 0.00  0.0
2020-09-01T09:15:42Z 353  1.1  19.3 85.7 1.0104 0.00  0.0
2020-09-01T09:16:42Z 034  1.1  19.3 85.7 1.0104 0.00  0.0
2020-09-01T09:17:42Z 013  0.7  19.3 85.6 1.0104 0.00  0.0
2020-09-01T09:18:42Z 005  1.0  19.3 85.7 1.0104 0.00  0.0
2020-09-01T09:19:42Z 342  0.4  19.2 85.7 1.0104 0.00  0.0
2020-09-01T09:20:42Z 035  0.4  19.2 85.7 1.0104 0.00  0.0
2020-09-01T09:21:42Z 115  0.4  19.2 85.6 1.0104 0.00  0.0
2020-09-01T09:22:42Z 034  0.9  19.2 85.6 1.0104 0.00  0.0
2020-09-01T09:23:42Z 011  1.3  19.2 85.5 1.0104 0.00  0.0
2020-09-01T09:24:42Z 021  1.0  19.2 85.6 1.0104 0.00  0.0
2020-09-01T09:25:42Z 346  1.0  19.2 85.7 1.0104 0.00  0.0
2020-09-01T09:26:42Z 001  1.5  19.2 85.6 1.0104 0.00  0.0
2020-09-01T09:27:42Z 348  0.9  19.2 85.6 1.0104 0.00  0.0
2020-09-01T09:28:42Z 029  1.3  19.2 85.6 1.0104 0.00  0.0
2020-09-01T09:29:42Z 035  0.7  19.2 85.6 1.0104 0.00  0.0
2020-09-01T09:30:42Z 037  1.2  19.2 85.6 1.0104 0.00  0.0
2020-09-01T09:31:42Z 004  0.9  19.2 85.7 1.0103 0.00  0.0
2020-09-01T09:32:42Z 352  0.4  19.2 85.8 1.0103 0.00  0.0
2020-09-01T09:33:42Z 346  0.8  19.2 85.9 1.0103 0.00  0.0
2020-09-01T09:34:42Z 012  1.0  19.2 85.9 1.0104 0.00  0.0
2020-09-01T09:35:42Z 079  0.1  19.2 85.9 1.0104 0.00  0.0
2020-09-01T09:36:42Z 014  1.5  19.2 85.9 1.0104 0.00  0.0
2020-09-01T09:37:42Z 005  1.3  19.2 86.0 1.0104 0.00  0.0
2020-09-01T09:38:42Z 026  1.4  19.2 85.9 1.0104 0.00  0.0
2020-09-01T09:39:42Z 016  1.8  19.2 85.9 1.0104 0.00  0.0
2020-09-01T09:40:42Z 035  1.2  19.2 85.9 1.0104 0.00  0.0
2020-09-01T09:41:42Z 001  0.9  19.2 86.0 1.0104 0.00  0.0
2020-09-01T09:42:42Z 025  0.8  19.2 86.0 1.0104 0.00  0.0
2020-09-01T09:43:42Z 029  1.0  19.2 86.0 1.0104 0.00  0.0
2020-09-01T09:44:42Z 008  1.0  19.1 86.0 1.0103 0.00  0.0
2020-09-01T09:45:42Z 021  1.7  19.2 86.0 1.0103 0.00  0.0
2020-09-01T09:46:42Z 357  1.3  19.1 86.0 1.0103 0.00  0.0
2020-09-01T09:47:42Z 042  1.4  19.2 86.0 1.0103 0.00  0.0
2020-09-01T09:48:42Z 029  1.5  19.2 85.9 1.0103 0.00  0.0
2020-09-01T09:49:42Z 049  1.7  19.2 85.8 1.0104 0.00  0.0
2020-09-01T09:50:42Z 035  0.6  19.2 85.7 1.0104 0.00  0.0
2020-09-01T09:51:42Z 065  0.8  19.2 85.6 1.0104 0.00  0.0
2020-09-01T09:52:42Z 008  1.0  19.2 85.6 1.0104 0.00  0.0
2020-09-01T09:53:42Z 010  0.7  19.2 85.6 1.0105 0.00  0.0
2020-09-01T09:54:42Z 065  0.6  19.2 85.6 1.0105 0.00  0.0
2020-09-01T09:55:42Z 018  0.8  19.2 85.7 1.0105 0.00  0.0
2020-09-01T09:56:42Z 051  0.3  19.2 85.6 1.0105 0.00  0.0
2020-09-01T09:57:42Z 124  0.3  19.2 85.6 1.0105 0.00  0.0
2020-09-01T09:58:42Z 359  0.6  19.2 85.7 1.0105 0.00  0.0
2020-09-01T09:59:42Z 349  0.3  19.2 85.6 1.0105 0.00  0.0
2020-09-01T10:00:42Z 041  1.1  19.3 85.7 1.0105 0.00  0.0
2020-09-01T10:01:42Z 016  1.3  19.3 85.7 1.0105 0.00  0.0
2020-09-01T10:02:42Z 012  0.8  19.3 85.8 1.0105 0.00  0.0
2020-09-01T10:03:42Z 024  0.6  19.3 85.8 1.0105 0.00  0.0
2020-09-01T10:04:42Z 010  0.8  19.3 85.8 1.0105 0.00  0.0
2020-09-01T10:05:42Z 053  0.7  19.3 85.8 1.0105 0.00  0.0
2020-09-01T10:06:42Z 021  1.6  19.3 85.9 1.0105 0.00  0.0
2020-09-01T10:07:42Z 099  0.4  19.3 85.8 1.0106 0.00  0.0
2020-09-01T10:08:42Z 043  1.0  19.3 85.9 1.0106 0.00  0.0
2020-09-01T10:09:42Z 025  1.2  19.3 85.9 1.0105 0.00  0.0
2020-09-01T10:10:42Z 028  1.5  19.3 85.9 1.0105 0.00  0.0
2020-09-01T10:11:42Z 015  1.1  19.3 85.9 1.0105 0.00  0.0
2020-09-01T10:12:42Z 038  1.2  19.3 86.0 1.0105 0.00  0.0
2020-09-01T10:13:42Z 025  1.0  19.3 85.9 1.0105 0.00  0.0
2020-09-01T10:14:42Z 026  1.0  19.3 85.9 1.0105 0.00  0.0
2020-09-01T10:15:42Z 017  0.8  19.3 85.9 1.0105 0.00  0.0
2020-09-01T10:16:42Z 049  1.7  19.3 86.0 1.0105 0.00  0.0
2020-09-01T10:17:42Z 058  1.5  19.3 86.0 1.0105 0.00  0.0
2020-09-01T10:18:42Z 032  0.9  19.3 86.0 1.0104 0.00  0.0
2020-09-01T10:19:42Z 037  0.4  19.3 85.9 1.0104 0.00  0.0
2020-09-01T10:20:42Z 028  0.3  19.3 85.9 1.0104 0.00  0.0
2020-09-01T10:21:42Z 042  1.0  19.3 85.9 1.0104 0.00  0.0
2020-09-01T10:22:42Z 010  0.9  19.3 85.9 1.0104 0.00  0.0
2020-09-01T10:23:42Z 022  0.5  19.3 86.0 1.0104 0.00  0.0
2020-09-01T10:24:42Z 004  0.8  19.3 86.0 1.0104 0.00  0.0
2020-09-01T10:25:42Z 013  1.6  19.3 86.0 1.0104 0.00  0.0
2020-09-01T10:26:42Z 050  1.0  19.3 86.0 1.0104 0.00  0.0
2020-09-01T10:27:42Z 011  1.3  19.3 86.0 1.0104 0.00  0.0
2020-09-01T10:28:42Z 027  2.4  19.3 86.1 1.0104 0.00  0.0
2020-09-01T10:29:42Z 051  2.0  19.3 86.1 1.0104 0.00  0.0
2020-09-01T10:30:42Z 048  0.9  19.3 86.1 1.0103 0.00  0.0
2020-09-01T10:31:42Z 051  1.6  19.3 86.2 1.0103 0.00  0.0
2020-09-01T10:32:42Z 058  1.0  19.2 86.3 1.0104 0.00  0.0
2020-09-01T10:33:42Z 045  1.4  19.3 86.3 1.0104 0.00  0.0
2020-09-01T10:34:42Z 053  1.6  19.3 86.4 1.0105 0.00  0.0
2020-09-01T10:35:42Z 051  1.3  19.3 86.4 1.0105 0.00  0.0
2020-09-01T10:36:42Z 032  1.5  19.3 86.6 1.0105 0.00  0.0
2020-09-01T10:37:42Z 074  0.9  19.3 86.6 1.0105 0.00  0.0
2020-09-01T10:38:42Z 075  0.9  19.2 86.6 1.0105 0.00  0.0
2020-09-01T10:39:42Z 003  0.4  19.3 86.6 1.0105 0.00  0.0
2020-09-01T10:40:42Z 071  0.8  19.3 86.6 1.0105 0.00  0.0
2020-09-01T10:41:42Z 059  1.2  19.3 86.5 1.0105 0.00  0.0
2020-09-01T10:42:42Z 075  0.8  19.3 86.5 1.0106 0.00  0.0
2020-09-01T10:43:42Z 093  0.8  19.3 86.5 1.0106 0.00  0.0
2020-09-01T10:44:42Z 053  1.0  19.3 86.4 1.0106 0.00  0.0
2020-09-01T10:45:42Z 041  0.7  19.3 86.4 1.0106 0.00  0.0
2020-09-01T10:46:42Z 065  1.3  19.3 86.4 1.0106 0.00  0.0
2020-09-01T10:47:42Z 074  1.1  19.3 86.5 1.0107 0.00  0.0
2020-09-01T10:48:42Z 067  0.8  19.3 86.4 1.0107 0.00  0.0
2020-09-01T10:49:42Z 071  0.8  19.3 86.4 1.0107 0.00  0.0
2020-09-01T10:50:42Z 016  1.6  19.3 86.4 1.0107 0.00  0.0
2020-09-01T10:51:42Z 013  1.0  19.3 86.4 1.0106 0.00  0.0
2020-09-01T10:52:42Z 024  1.0  19.3 86.5 1.0106 0.00  0.0
2020-09-01T10:53:42Z 012  0.8  19.3 86.5 1.0106 0.00  0.0
2020-09-01T10:54:42Z 025  0.6  19.3 86.5 1.0106 0.00  0.0
2020-09-01T10:55:42Z 041  0.8  19.3 86.5 1.0106 0.00  0.0
2020-09-01T10:56:42Z 047  1.0  19.3 86.5 1.0106 0.00  0.0
2020-09-01T10:57:42Z 040  1.8  19.3 86.5 1.0106 0.00  0.0
2020-09-01T10:58:42Z 037  0.4  19.3 86.4 1.0106 0.00  0.0
2020-09-01T10:59:42Z 025  0.7  19.3 86.4 1.0106 0.00  0.0
2020-09-01T11:00:42Z 053  0.6  19.3 86.3 1.0106 0.00  0.0
2020-09-01T11:01:42Z 075  0.8  19.4 86.2 1.0107 0.00  0.0
2020-09-01T11:02:42Z 014  0.6  19.4 86.2 1.0107 0.00  0.0
2020-09-01T11:03:42Z 034  0.1  19.4 86.1 1.0107 0.00  0.0
2020-09-01T11:04:42Z 133  0.5  19.4 85.8 1.0107 0.00  0.0
2020-09-01T11:05:42Z 051  1.0  19.4 85.8 1.0107 0.00  0.0
2020-09-01T11:06:42Z 082  0.9  19.4 85.9 1.0107 0.00  0.0
2020-09-01T11:07:42Z 359  0.4  19.4 85.9 1.0107 0.00  0.0
2020-09-01T11:08:42Z 008  0.9  19.4 85.9 1.0107 0.00  0.0
2020-09-01T11:09:42Z 046  1.4  19.5 85.8 1.0107 0.00  0.0
2020-09-01T11:10:42Z 029  1.3  19.4 85.8 1.0107 0.00  0.0
2020-09-01T11:11:42Z 034  1.8  19.4 85.8 1.0107 0.00  0.0
2020-09-01T11:12:42Z 032  1.3  19.4 85.8 1.0107 0.00  0.0
2020-09-01T11:13:42Z 046  0.7  19.4 86.0 1.0107 0.00  0.0
2020-09-01T11:14:42Z 022  0.7  19.4 85.9 1.0107 0.00  0.0
2020-09-01T11:15:42Z 039  0.9  19.5 85.8 1.0107 0.00  0.0
2020-09-01T11:16:42Z 051  1.3  19.5 85.6 1.0107 0.00  0.0
2020-09-01T11:17:42Z 050  1.7  19.5 85.6 1.0107 0.00  0.0
2020-09-01T11:18:42Z 043  1.0  19.5 85.4 1.0107 0.00  0.0
2020-09-01T11:19:42Z 037  1.2  19.5 85.6 1.0107 0.00  0.0
2020-09-01T11:20:42Z 043  0.9  19.5 85.7 1.0107 0.00  0.0
2020-09-01T11:21:42Z 353  0.6  19.5 85.6 1.0107 0.00  0.0
2020-09-01T11:22:42Z 028  1.9  19.5 85.5 1.0107 0.00  0.0
2020-09-01T11:23:42Z 033  0.4  19.5 85.6 1.0106 0.00  0.0
2020-09-01T11:24:42Z 023  2.1  19.5 85.6 1.0106 0.00  0.0
2020-09-01T11:25:42Z 011  1.6  19.5 85.7 1.0106 0.00  0.0
2020-09-01T11:26:42Z 023  1.5  19.5 85.8 1.0106 0.00  0.0
2020-09-01T11:27:42Z 003  0.2  19.5 85.6 1.0106 0.00  0.0
2020-09-01T11:28:42Z 019  2.0  19.5 85.7 1.0106 0.00  0.0
2020-09-01T11:29:42Z 354  1.1  19.5 85.7 1.0107 0.00  0.0
2020-09-01T11:30:42Z 039  1.6  19.5 85.7 1.0107 0.00  0.0
2020-09-01T11:31:42Z 302  0.8  19.6 85.7 1.0107 0.00  0.0
2020-09-01T11:32:42Z 043  0.7  19.6 85.6 1.0106 0.00  0.0
2020-09-01T11:33:42Z 343  0.9  19.6 85.5 1.0106 0.00  0.0
2020-09-01T11:34:42Z 047  1.9  19.6 85.2 1.0106 0.00  0.0
2020-09-01T11:35:42Z 002  1.2  19.6 85.2 1.0106 0.00  0.0
2020-09-01T11:36:42Z 042  0.3  19.6 85.2 1.0106 0.00  0.0
2020-09-01T11:37:42Z 009  1.4  19.6 85.0 1.0106 0.00  0.0
2020-09-01T11:38:42Z 030  1.7  19.6 84.9 1.0106 0.00  0.0
2020-09-01T11:39:42Z 051  1.1  19.7 85.1 1.0107 0.00  0.0
2020-09-01T11:40:42Z 037  1.2  19.7 85.1 1.0107 0.00  0.0
2020-09-01T11:41:42Z 037  1.4  19.7 85.1 1.0107 0.00  0.0
2020-09-01T11:42:42Z 024  1.0  19.7 84.7 1.0107 0.00  0.0
2020-09-01T11:43:42Z 042  1.1  19.7 84.6 1.0107 0.00  0.0
2020-09-01T11:44:42Z 018  1.7  19.7 84.4 1.0107 0.00  0.0
2020-09-01T11:45:42Z 011  1.1  19.7 84.4 1.0107 0.00  0.0
2020-09-01T11:46:42Z 029  2.1  19.7 84.5 1.0107 0.00  0.0
2020-09-01T11:47:42Z 046  1.0  19.8 84.5 1.0107 0.00  0.0
2020-09-01T11:48:42Z 013  1.1  19.8 84.4 1.0108 0.00  0.0
2020-09-01T11:49:42Z 028  1.4  19.8 84.1 1.0108 0.00  0.0
2020-09-01T11:50:42Z 023  1.9  19.8 84.1 1.0108 0.00  0.0
2020-09-01T11:51:42Z 024  0.8  19.8 84.0 1.0108 0.00  0.0
2020-09-01T11:52:42Z 045  0.8  19.9 83.9 1.0108 0.00  0.0
2020-09-01T11:53:42Z 023  1.3  19.9 83.5 1.0108 0.00  0.0
2020-09-01T11:54:42Z 020  0.3  19.9 83.5 1.0108 0.00  0.0
2020-09-01T11:55:42Z 015  1.4  19.9 82.9 1.0108 0.00  0.0
2020-09-01T11:56:42Z 036  1.1  19.9 82.6 1.0108 0.00  0.0
2020-09-01T11:57:42Z 048  0.8  19.9 82.4 1.0108 0.00  0.0
2020-09-01T11:58:42Z 048  0.5  20.0 82.7 1.0108 0.00  0.0
2020-09-01T11:59:42Z 029  1.6  20.0 82.7 1.0108 0.00  0.0
2020-09-01T12:00:42Z 002  0.9  20.0 82.9 1.0108 0.00  0.0
2020-09-01T12:01:42Z 014  1.1  20.0 82.9 1.0108 0.00  0.0
2020-09-01T12:02:42Z 030  2.4  20.0 82.3 1.0108 0.00  0.0
2020-09-01T12:03:42Z 027  0.9  20.0 81.3 1.0108 0.00  0.0
2020-09-01T12:04:42Z 022  0.5  20.0 81.1 1.0108 0.00  0.0
2020-09-01T12:05:42Z 042  0.8  20.1 81.2 1.0108 0.00  0.0
2020-09-01T12:06:42Z 080  1.5  20.1 81.4 1.0108 0.00  0.0
2020-09-01T12:07:42Z 040  1.8  20.1 80.9 1.0108 0.00  0.0
2020-09-01T12:08:42Z 066  2.8  20.2 80.5 1.0108 0.00  0.0
2020-09-01T12:09:42Z 063  1.8  20.2 80.0 1.0108 0.00  0.0
2020-09-01T12:10:42Z 119  0.3  20.2 80.5 1.0108 0.00  0.0
2020-09-01T12:11:42Z 092  2.1  20.2 80.3 1.0108 0.00  0.0
2020-09-01T12:12:42Z 082  1.4  20.2 80.2 1.0108 0.00  0.0
2020-09-01T12:13:42Z 058  1.9  20.3 79.4 1.0108 0.00  0.0
2020-09-01T12:14:42Z 044  1.7  20.3 79.7 1.0108 0.00  0.0
2020-09-01T12:15:42Z 062  1.8  20.3 79.7 1.0108 0.00  0.0
2020-09-01T12:16:42Z 083  2.5  20.3 78.6 1.0108 0.00  0.0
2020-09-01T12:17:42Z 083  1.8  20.3 78.5 1.0108 0.00  0.0
2020-09-01T12:18:42Z 065  1.8  20.4 78.8 1.0108 0.00  0.0
2020-09-01T12:19:42Z 046  0.7  20.5 78.5 1.0108 0.00  0.0
2020-09-01T12:20:42Z 038  1.2  20.5 78.2 1.0108 0.00  0.0
2020-09-01T12:21:42Z 036  1.6  20.6 77.7 1.0108 0.00  0.0
2020-09-01T12:22:42Z 089  2.6  20.6 77.0 1.0108 0.00  0.0
2020-09-01T12:23:42Z 071  1.3  20.6 77.4 1.0108 0.00  0.0
2020-09-01T12:24:42Z 097  0.7  20.7 77.3 1.0108 0.00  0.0
2020-09-01T12:25:42Z 009  1.2  20.8 76.6 1.0108 0.00  0.0
2020-09-01T12:26:42Z 079  2.8  20.8 76.2 1.0109 0.00  0.0
2020-09-01T12:27:42Z 079  1.7  20.9 76.4 1.0109 0.00  0.0
2020-09-01T12:28:42Z 071  1.1  20.9 76.2 1.0109 0.00  0.0
2020-09-01T12:29:42Z 065  2.5  20.9 76.4 1.0109 0.00  0.0
2020-09-01T12:30:42Z 077  2.3  20.9 75.9 1.0109 0.00  0.0
2020-09-01T12:31:42Z 056  1.4  20.9 75.8 1.0109 0.00  0.0
2020-09-01T12:32:42Z 067  1.4  20.9 75.2 1.0109 0.00  0.0
2020-09-01T12:33:42Z 024  1.0  20.9 75.4 1.0109 0.00  0.0
2020-09-01T12:34:42Z 048  1.7  21.0 75.2 1.0109 0.00  0.0
2020-09-01T12:35:42Z 088  3.9  21.0 75.4 1.0109 0.00  0.0
2020-09-01T12:36:42Z 053  0.7  20.9 74.9 1.0109 0.00  0.0
2020-09-01T12:37:42Z 041  2.1  20.9 75.7 1.0109 0.00  0.0
2020-09-01T12:38:42Z 083  0.9  20.9 75.7 1.0108 0.00  0.0
2020-09-01T12:39:42Z 082  1.8  21.0 75.4 1.0108 0.00  0.0
2020-09-01T12:40:42Z 037  0.9  21.0 75.9 1.0108 0.00  0.0
2020-09-01T12:41:42Z 034  1.0  21.0 75.9 1.0108 0.00  0.0
2020-09-01T12:42:42Z 077  2.0  21.0 75.8 1.0108 0.00  0.0
2020-09-01T12:43:42Z 071  1.6  21.1 75.6 1.0109 0.00  0.0
2020-09-01T12:44:42Z 032  2.6  21.1 75.6 1.0108 0.00  0.0
2020-09-01T12:45:42Z 028  1.5  21.1 75.7 1.0108 0.00  0.0
2020-09-01T12:46:42Z 042  2.0  21.1 75.8 1.0108 0.00  0.0
2020-09-01T12:47:42Z 042  3.4  21.1 74.6 1.0108 0.00  0.0
2020-09-01T12:48:42Z 076  1.6  21.1 75.2 1.0108 0.00  0.0
2020-09-01T12:49:42Z 076  2.1  21.1 74.8 1.0108 0.00  0.0
2020-09-01T12:50:42Z 070  3.5  21.1 74.9 1.0108 0.00  0.0
2020-09-01T12:51:42Z 076  3.3  21.1 74.8 1.0108 0.00  0.0
2020-09-01T12:52:42Z 321  0.7  21.1 74.9 1.0109 0.00  0.0
2020-09-01T12:53:42Z 079  3.1  21.1 74.9 1.0109 0.00  0.0
2020-09-01T12:54:42Z 072  1.9  21.1 75.0 1.0109 0.00  0.0
2020-09-01T12:55:42Z 074  3.3  21.1 75.3 1.0109 0.00  0.0
2020-09-01T12:56:42Z 106  2.1  21.0 75.0 1.0109 0.00  0.0
2020-09-01T12:57:42Z 093  2.1  21.0 75.1 1.0109 0.00  0.0
2020-09-01T12:58:42Z 064  1.5  21.0 75.4 1.0109 0.00  0.0
2020-09-01T12:59:42Z 083  0.9  21.0 75.3 1.0109 0.00  0.0
2020-09-01T13:00:42Z 063  2.0  21.1 74.8 1.0109 0.00  0.0
2020-09-01T13:01:42Z 095  2.4  21.2 74.7 1.0109 0.00  0.0
2020-09-01T13:02:42Z 082  1.9  21.2 74.8 1.0108 0.00  0.0
2020-09-01T13:03:42Z 110  3.4  21.2 73.8 1.0108 0.00  0.0
2020-09-01T13:04:42Z 085  1.2  21.2 74.2 1.0108 0.00  0.0
2020-09-01T13:05:42Z 033  2.8  21.2 74.5 1.0108 0.00  0.0
2020-09-01T13:06:42Z 040  0.5  21.2 75.0 1.0109 0.00  0.0
2020-09-01T13:07:42Z 090  0.9  21.3 74.4 1.0109 0.00  0.0
2020-09-01T13:08:42Z 115  1.7  21.3 73.8 1.0109 0.00  0.0
2020-09-01T13:09:42Z 063  0.4  21.4 74.3 1.0109 0.00  0.0
2020-09-01T13:10:42Z 236  0.4  21.5 74.1 1.0109 0.00  0.0
2020-09-01T13:11:42Z 053  2.1  21.6 73.7 1.0110 0.00  0.0
2020-09-01T13:12:42Z 096  1.6  21.7 73.1 1.0110 0.00  0.0
2020-09-01T13:13:42Z 087  2.3  21.7 73.0 1.0110 0.00  0.0
2020-09-01T13:14:42Z 080  2.8  21.7 73.2 1.0110 0.00  0.0
2020-09-01T13:15:42Z 069  3.1  21.6 72.7 1.0110 0.00  0.0
2020-09-01T13:16:42Z 143  0.6  21.5 73.4 1.0110 0.00  0.0
2020-09-01T13:17:42Z 062  2.1  21.5 73.3 1.0110 0.00  0.0
2020-09-01T13:18:42Z 024  1.6  21.5 73.3 1.0109 0.00  0.0
2020-09-01T13:19:42Z 071  2.9  21.5 73.5 1.0109 0.00  0.0
2020-09-01T13:20:42Z 071  2.4  21.5 73.7 1.0109 0.00  0.0
2020-09-01T13:21:42Z 075  1.7  21.4 73.8 1.0109 0.00  0.0
2020-09-01T13:22:42Z 069  4.0  21.4 73.7 1.0109 0.00  0.0
2020-09-01T13:23:42Z 086  1.9  21.4 73.7 1.0109 0.00  0.0
2020-09-01T13:24:42Z 105  0.4  21.4 74.5 1.0109 0.00  0.0
2020-09-01T13:25:42Z 100  0.9  21.5 74.2 1.0109 0.00  0.0
2020-09-01T13:26:42Z 059  1.0  21.7 73.5 1.0109 0.00  0.0
2020-09-01T13:27:42Z 111  1.8  21.9 73.0 1.0109 0.00  0.0
2020-09-01T13:28:42Z 092  1.7  22.0 72.6 1.0109 0.00  0.0
2020-09-01T13:29:42Z 073  2.6  22.0 72.4 1.0109 0.00  0.0
2020-09-01T13:30:42Z 035  2.6  22.0 72.3 1.0110 0.00  0.0
2020-09-01T13:31:42Z 096  0.8  22.0 72.7 1.0109 0.00  0.0
2020-09-01T13:32:42Z 046  2.1  22.1 72.3 1.0109 0.00  0.0
2020-09-01T13:33:42Z 078  2.0  22.0 72.3 1.0109 0.00  0.0
2020-09-01T13:34:42Z 072  1.0  22.1 72.6 1.0109 0.00  0.0
2020-09-01T13:35:42Z 147  0.6  22.1 72.3 1.0109 0.00  0.0
2020-09-01T13:36:42Z 097  1.9  22.2 71.8 1.0109 0.00  0.0
2020-09-01T13:37:42Z 133  2.0  22.2 71.8 1.0109 0.00  0.0
2020-09-01T13:38:42Z 086  1.2  22.1 72.2 1.0110 0.00  0.0
2020-09-01T13:39:42Z 116  2.7  22.1 72.2 1.0110 0.00  0.0
2020-09-01T13:40:42Z 090  3.7  22.1 72.3 1.0110 0.00  0.0
2020-09-01T13:41:42Z 091  2.6  22.0 72.1 1.0110 0.00  0.0
2020-09-01T13:42:42Z 077  1.9  22.1 72.4 1.0109 0.00  0.0
2020-09-01T13:43:42Z 103  2.2  22.1 72.3 1.0109 0.00  0.0
2020-09-01T13:44:42Z 154  0.8  22.1 72.6 1.0109 0.00  0.0
2020-09-01T13:45:42Z 053  2.4  22.1 72.3 1.0109 0.00  0.0
2020-09-01T13:46:42Z 106  1.0  22.0 72.4 1.0109 0.00  0.0
2020-09-01T13:47:42Z 105  1.3  22.1 72.7 1.0108 0.00  0.0
2020-09-01T13:48:42Z 103  2.8  22.2 72.4 1.0108 0.00  0.0
2020-09-01T13:49:42Z 104  1.6  22.3 72.3 1.0108 0.00  0.0
2020-09-01T13:50:42Z 062  2.5  22.4 72.3 1.0108 0.00  0.0
2020-09-01T13:51:42Z 081  3.2  22.4 72.1 1.0107 0.00  0.0
2020-09-01T13:52:42Z 065  0.7  22.3 72.4 1.0107 0.00  0.0
2020-09-01T13:53:42Z 107  1.2  22.3 72.3 1.0107 0.00  0.0
2020-09-01T13:54:42Z 069  4.4  22.4 71.6 1.0108 0.00  0.0
2020-09-01T13:55:42Z 100  1.2  22.5 71.8 1.0108 0.00  0.0
2020-09-01T13:56:42Z 067  3.4  22.5 71.7 1.0108 0.00  0.0
2020-09-01T13:57:42Z 084  1.8  22.5 71.7 1.0108 0.00  0.0
2020-09-01T13:58:42Z 134  1.5  22.5 71.8 1.0108 0.00  0.0
2020-09-01T13:59:42Z 100  3.5  22.5 71.8 1.0108 0.00  0.0
2020-09-01T14:00:42Z 087  2.0  22.5 72.1 1.0108 0.00  0.0
2020-09-01T14:01:42Z 094  2.4  22.5 72.2 1.0108 0.00  0.0
2020-09-01T14:02:42Z 079  2.2  22.5 72.3 1.0108 0.00  0.0
2020-09-01T14:03:42Z 111  1.6  22.6 72.1 1.0108 0.00  0.0
2020-09-01T14:04:42Z 072  1.6  22.6 72.1 1.0108 0.00  0.0
2020-09-01T14:05:42Z 031  2.7  22.6 72.0 1.0108 0.00  0.0
2020-09-01T14:06:42Z 067  3.7  22.6 72.0 1.0109 0.00  0.0
2020-09-01T14:07:42Z 094  1.4  22.5 72.3 1.0108 0.00  0.0
2020-09-01T14:08:42Z 116  1.6  22.5 72.6 1.0108 0.00  0.0
2020-09-01T14:09:42Z 330  0.3  22.6 72.3 1.0108 0.00  0.0
2020-09-01T14:10:42Z 089  2.4  22.8 71.5 1.0108 0.00  0.0
2020-09-01T14:11:42Z 102  0.4  23.0 71.0 1.0109 0.00  0.0
2020-09-01T14:12:42Z 122  1.2  23.0 71.0 1.0109 0.00  0.0
2020-09-01T14:13:42Z 026  2.1  23.1 71.1 1.0109 0.00  0.0
2020-09-01T14:14:42Z 107  3.4  23.0 70.9 1.0109 0.00  0.0
2020-09-01T14:15:42Z 134  1.6  23.0 70.9 1.0109 0.00  0.0
2020-09-01T14:16:42Z 137  2.1  23.0 71.0 1.0109 0.00  0.0
2020-09-01T14:17:42Z 131  2.8  23.1 70.7 1.0110 0.00  0.0
2020-09-01T14:18:42Z 122  2.6  23.1 70.5 1.0110 0.00  0.0
2020-09-01T14:19:42Z 112  2.6  23.0 70.8 1.0110 0.00  0.0
2020-09-01T14:20:42Z 098  3.3  23.0 71.2 1.0111 0.00  0.0
2020-09-01T14:21:42Z 092  2.9  23.0 71.1 1.0111 0.00  0.0
2020-09-01T14:22:42Z 110  3.6  23.0 71.0 1.0110 0.00  0.0
2020-09-01T14:23:42Z 106  1.8  23.0 71.2 1.0110 0.00  0.0
2020-09-01T14:24:42Z 077  2.9  23.0 71.3 1.0110 0.00  0.0
2020-09-01T14:25:42Z 095  1.5  23.0 71.5 1.0110 0.00  0.0
2020-09-01T14:26:42Z 134  0.5  23.0 71.4 1.0110 0.00  0.0
2020-09-01T14:27:42Z 121  1.1  23.1 70.9 1.0110 0.00  0.0
2020-09-01T14:28:42Z 079  1.4  23.2 71.0 1.0111 0.00  0.0
2020-09-01T14:29:42Z 057  1.8  23.2 70.9 1.0111 0.00  0.0
2020-09-01T14:30:42Z 094  2.9  23.3 70.7 1.0111 0.00  0.0
2020-09-01T14:31:42Z 113  2.0  23.2 71.0 1.0111 0.00  0.0
2020-09-01T14:32:42Z 143  4.3  23.2 70.9 1.0110 0.00  0.0
2020-09-01T14:33:42Z 126  0.7  23.3 70.8 1.0111 0.00  0.0
2020-09-01T14:34:42Z 104  0.8  23.4 70.5 1.0111 0.00  0.0
2020-09-01T14:35:42Z 125  0.3  23.5 70.3 1.0112 0.00  0.0
2020-09-01T14:36:42Z 112  0.9  23.6 69.3 1.0112 0.00  0.0
2020-09-01T14:37:42Z 100  3.7  23.7 68.7 1.0112 0.00  0.0
2020-09-01T14:38:42Z 138  3.0  23.7 68.6 1.0112 0.00  0.0
2020-09-01T14:39:42Z 096  0.8  23.6 69.0 1.0112 0.00  0.0
2020-09-01T14:40:42Z 086  3.2  23.6 69.4 1.0113 0.00  0.0
2020-09-01T14:41:42Z 092  2.3  23.6 69.3 1.0113 0.00  0.0
2020-09-01T14:42:42Z 123  4.6  23.6 69.1 1.0112 0.00  0.0
2020-09-01T14:43:42Z 108  3.9  23.6 69.1 1.0112 0.00  0.0
2020-09-01T14:44:42Z 091  3.4  23.4 69.5 1.0113 0.00  0.0
2020-09-01T14:45:42Z 110  3.6  23.4 69.5 1.0113 0.00  0.0
2020-09-01T14:46:42Z 087  4.6  23.4 69.3 1.0113 0.00  0.0
2020-09-01T14:47:42Z 090  2.0  23.4 69.3 1.0113 0.00  0.0
2020-09-01T14:48:42Z 109  4.7  23.5 69.5 1.0113 0.00  0.0
2020-09-01T14:49:42Z 095  3.6  23.4 68.8 1.0112 0.00  0.0
2020-09-01T14:50:42Z 089  5.2  23.4 68.8 1.0112 0.00  0.0
2020-09-01T14:51:42Z 088  2.8  23.4 68.7 1.0112 0.00  0.0
2020-09-01T14:52:42Z 107  3.9  23.4 68.2 1.0112 0.00  0.0
2020-09-01T14:53:42Z 133  3.6  23.4 68.2 1.0112 0.00  0.0
2020-09-01T14:54:42Z 127  3.7  23.5 68.0 1.0112 0.00  0.0
2020-09-01T14:55:42Z 111  1.9  23.5 68.1 1.0112 0.00  0.0
2020-09-01T14:56:42Z 109  3.4  23.6 67.8 1.0112 0.00  0.0
2020-09-01T14:57:42Z 133  1.9  23.6 67.0 1.0112 0.00  0.0
2020-09-01T14:58:42Z 077  3.1  23.7 67.2 1.0112 0.00  0.0
2020-09-01T14:59:42Z 072  3.3  23.7 67.2 1.0112 0.00  0.0
2020-09-01T15:00:42Z 097  4.5  23.7 67.4 1.0112 0.00  0.0
2020-09-01T15:01:42Z 098  3.1  23.6 67.5 1.0112 0.00  0.0
2020-09-01T15:02:42Z 134  2.4  23.6 67.8 1.0111 0.00  0.0
2020-09-01T15:03:42Z 118  3.4  23.6 67.7 1.0111 0.00  0.0
2020-09-01T15:04:42Z 087  2.6  23.7 67.7 1.0111 0.00  0.0
2020-09-01T15:05:42Z 112  3.0  23.7 68.1 1.0111 0.00  0.0
2020-09-01T15:06:42Z 091  3.6  23.8 68.0 1.0112 0.00  0.0
2020-09-01T15:07:42Z 089  1.6  23.8 67.7 1.0112 0.00  0.0
2020-09-01T15:08:42Z 120  1.7  23.9 67.3 1.0112 0.00  0.0
2020-09-01T15:09:42Z 122  3.5  23.9 66.0 1.0111 0.00  0.0
2020-09-01T15:10:42Z 091  3.3  23.8 66.3 1.0112 0.00  0.0
2020-09-01T15:11:42Z 082  3.5  23.8 66.6 1.0111 0.00  0.0
2020-09-01T15:12:42Z 085  3.7  23.8 67.0 1.0112 0.00  0.0
2020-09-01T15:13:42Z 133  1.6  23.8 67.2 1.0112 0.00  0.0
2020-09-01T15:14:42Z 116  1.8  23.8 66.4 1.0112 0.00  0.0
2020-09-01T15:15:42Z 095  2.7  23.9 66.2 1.0112 0.00  0.0
2020-09-01T15:16:42Z 106  3.5  24.0 66.3 1.0112 0.00  0.0
2020-09-01T15:17:42Z 131  2.9  24.0 65.6 1.0112 0.00  0.0
2020-09-01T15:18:42Z 089  3.7  24.0 65.9 1.0112 0.00  0.0
2020-09-01T15:19:42Z 120  4.5  24.0 65.4 1.0112 0.00  0.0
2020-09-01T15:20:42Z 116  2.9  24.0 65.9 1.0112 0.00  0.0
2020-09-01T15:21:42Z 106  4.1  24.1 65.4 1.0112 0.00  0.0
2020-09-01T15:22:42Z 122  4.0  24.0 65.5 1.0112 0.00  0.0
2020-09-01T15:23:42Z 097  2.9  23.9 66.4 1.0112 0.00  0.0
2020-09-01T15:24:42Z 117  2.4  23.9 66.6 1.0112 0.00  0.0
2020-09-01T15:25:42Z 150  0.7  23.9 66.7 1.0112 0.00  0.0
2020-09-01T15:26:42Z 093  3.4  24.0 66.1 1.0112 0.00  0.0
2020-09-01T15:27:42Z 118  3.2  24.0 66.7 1.0112 0.00  0.0
2020-09-01T15:28:42Z 098  3.3  24.0 65.5 1.0112 0.00  0.0
2020-09-01T15:29:42Z 130  1.8  23.9 65.5 1.0112 0.00  0.0
2020-09-01T15:30:42Z 089  2.6  23.9 65.5 1.0113 0.00  0.0
2020-09-01T15:31:42Z 111  4.0  23.9 66.0 1.0113 0.00  0.0
2020-09-01T15:32:42Z 100  2.0  23.9 65.6 1.0113 0.00  0.0
2020-09-01T15:33:42Z 091  3.8  24.0 66.0 1.0112 0.00  0.0
2020-09-01T15:34:42Z 080  2.0  24.0 65.9 1.0113 0.00  0.0
2020-09-01T15:35:42Z 104  3.8  24.0 65.5 1.0112 0.00  0.0
2020-09-01T15:36:42Z 094  4.8  24.0 65.2 1.0112 0.00  0.0
2020-09-01T15:37:42Z 102  3.4  23.9 65.9 1.0112 0.00  0.0
2020-09-01T15:38:42Z 093  4.2  23.9 66.0 1.0112 0.00  0.0
2020-09-01T15:39:42Z 092  4.6  23.8 66.4 1.0112 0.00  0.0
2020-09-01T15:40:42Z 096  3.0  23.8 66.6 1.0112 0.00  0.0
2020-09-01T15:41:42Z 102  2.2  23.8 66.4 1.0112 0.00  0.0
2020-09-01T15:42:42Z 098  2.5  23.8 65.7 1.0112 0.00  0.0
2020-09-01T15:43:42Z 162  0.7  23.9 65.7 1.0112 0.00  0.0
2020-09-01T15:44:42Z 119  1.9  24.0 65.5 1.0113 0.00  0.0
2020-09-01T15:45:42Z 115  1.7  24.1 65.1 1.0112 0.00  0.0
2020-09-01T15:46:42Z 113  3.0  24.0 65.2 1.0112 0.00  0.0
2020-09-01T15:47:42Z 088  3.0  24.0 65.3 1.0112 0.00  0.0
2020-09-01T15:48:42Z 089  3.6  24.1 64.9 1.0112 0.00  0.0
2020-09-01T15:49:42Z 092  1.5  24.1 64.7 1.0112 0.00  0.0
2020-09-01T15:50:42Z 101  2.3  24.1 65.2 1.0112 0.00  0.0
2020-09-01T15:51:42Z 100  5.2  24.1 64.1 1.0111 0.00  0.0
2020-09-01T15:52:42Z 103  3.3  24.0 65.1 1.0111 0.00  0.0
2020-09-01T15:53:42Z 091  2.1  24.0 65.1 1.0111 0.00  0.0
2020-09-01T15:54:42Z 067  1.6  24.0 65.2 1.0111 0.00  0.0
2020-09-01T15:55:42Z 090  3.1  24.0 64.0 1.0111 0.00  0.0
2020-09-01T15:56:42Z 083  1.6  24.1 64.0 1.0111 0.00  0.0
2020-09-01T15:57:42Z 056  2.3  24.2 63.6 1.0111 0.00  0.0
2020-09-01T15:58:42Z 138  1.5  24.2 63.8 1.0111 0.00  0.0
2020-09-01T15:59:42Z 092  5.4  24.2 62.8 1.0111 0.00  0.0
2020-09-01T16:00:42Z 092  2.1  24.1 63.0 1.0111 0.00  0.0
2020-09-01T16:01:42Z 109  2.3  24.2 63.0 1.0111 0.00  0.0
2020-09-01T16:02:42Z 093  4.7  24.2 62.8 1.0111 0.00  0.0
2020-09-01T16:03:42Z 108  2.5  24.2 62.6 1.0110 0.00  0.0
2020-09-01T16:04:42Z 104  5.9  24.2 62.1 1.0109 0.00  0.0
2020-09-01T16:05:42Z 108  5.7  24.2 62.3 1.0109 0.00  0.0
2020-09-01T16:06:42Z 116  2.8  24.2 61.9 1.0110 0.00  0.0
2020-09-01T16:07:42Z 095  3.9  24.2 62.3 1.0110 0.00  0.0
2020-09-01T16:08:42Z 123  3.1  24.2 62.2 1.0110 0.00  0.0
2020-09-01T16:09:42Z 099  2.8  24.2 62.4 1.0110 0.00  0.0
2020-09-01T16:10:42Z 136  2.1  24.2 62.2 1.0110 0.00  0.0
2020-09-01T16:11:42Z 116  5.0  24.2 62.2 1.0110 0.00  0.0
2020-09-01T16:12:42Z 139  0.8  24.2 62.3 1.0110 0.00  0.0
2020-09-01T16:13:42Z 116  1.9  24.2 62.5 1.0110 0.00  0.0
2020-09-01T16:14:42Z 124  1.5  24.2 62.6 1.0110 0.00  0.0
2020-09-01T16:15:42Z 092  0.6  24.2 62.4 1.0110 0.00  0.0
2020-09-01T16:16:42Z 115  2.3  24.3 62.3 1.0110 0.00  0.0
2020-09-01T16:17:42Z 127  4.2  24.3 62.5 1.0109 0.00  0.0
2020-09-01T16:18:42Z 109  3.1  24.3 62.5 1.0110 0.00  0.0
2020-09-01T16:19:42Z 107  2.6  24.3 62.7 1.0109 0.00  0.0
2020-09-01T16:20:42Z 111  2.8  24.3 62.6 1.0109 0.00  0.0
2020-09-01T16:21:42Z 122  1.1  24.3 63.0 1.0109 0.00  0.0
2020-09-01T16:22:42Z 113  3.7  24.3 62.7 1.0109 0.00  0.0
2020-09-01T16:23:42Z 122  4.5  24.3 62.7 1.0109 0.00  0.0
2020-09-01T16:24:42Z 111  3.6  24.2 62.7 1.0109 0.00  0.0
2020-09-01T16:25:42Z 163  0.4  24.2 63.4 1.0109 0.00  0.0
2020-09-01T16:26:42Z 098  3.7  24.2 63.0 1.0109 0.00  0.0
2020-09-01T16:27:42Z 099  2.5  24.2 63.2 1.0109 0.00  0.0
2020-09-01T16:28:42Z 125  2.1  24.2 62.7 1.0109 0.00  0.0
2020-09-01T16:29:42Z 097  2.9  24.2 62.8 1.0109 0.00  0.0
2020-09-01T16:30:42Z 186  0.7  24.2 63.2 1.0109 0.00  0.0
2020-09-01T16:31:42Z 083  2.3  24.2 63.1 1.0109 0.00  0.0
2020-09-01T16:32:42Z 122  3.4  24.2 63.1 1.0109 0.00  0.0
2020-09-01T16:33:42Z 116  1.9  24.3 63.1 1.0109 0.00  0.0
2020-09-01T16:34:42Z 104  1.7  24.4 62.8 1.0109 0.00  0.0
2020-09-01T16:35:42Z 120  1.6  24.4 62.8 1.0108 0.00  0.0
2020-09-01T16:36:42Z 134  5.6  24.4 62.2 1.0108 0.00  0.0
2020-09-01T16:37:42Z 136  2.9  24.4 62.3 1.0108 0.00  0.0
2020-09-01T16:38:42Z 146  2.0  24.4 62.3 1.0108 0.00  0.0
2020-09-01T16:39:42Z 118  1.8  24.4 62.2 1.0108 0.00  0.0
2020-09-01T16:40:42Z 130  2.9  24.4 61.6 1.0108 0.00  0.0
2020-09-01T16:41:42Z 118  2.8  24.4 61.6 1.0108 0.00  0.0
2020-09-01T16:42:42Z 101  1.1  24.4 61.6 1.0108 0.00  0.0
2020-09-01T16:43:42Z 111  3.4  24.4 62.0 1.0108 0.00  0.0
2020-09-01T16:44:42Z 106  0.9  24.3 62.3 1.0108 0.00  0.0
2020-09-01T16:45:42Z 105  2.0  24.4 62.5 1.0108 0.00  0.0
2020-09-01T16:46:42Z 091  1.9  24.4 62.2 1.0108 0.00  0.0
2020-09-01T16:47:42Z 121  3.6  24.4 61.8 1.0108 0.00  0.0
2020-09-01T16:48:42Z 088  3.6  24.4 62.1 1.0108 0.00  0.0
2020-09-01T16:49:42Z 132  2.4  24.3 62.5 1.0108 0.00  0.0
2020-09-01T16:50:42Z 085  3.2  24.3 62.4 1.0107 0.00  0.0
2020-09-01T16:51:42Z 098  4.3  24.3 61.9 1.0107 0.00  0.0
2020-09-01T16:52:42Z 126  2.7  24.3 62.3 1.0107 0.00  0.0
2020-09-01T16:53:42Z 115  2.9  24.4 62.2 1.0107 0.00  0.0
2020-09-01T16:54:42Z 114  3.4  24.4 62.0 1.0106 0.00  0.0
2020-09-01T16:55:42Z 101  2.8  24.4 61.8 1.0106 0.00  0.0
2020-09-01T16:56:42Z 148  5.4  24.5 61.4 1.0106 0.00  0.0
2020-09-01T16:57:42Z 123  1.8  24.5 61.0 1.0106 0.00  0.0
2020-09-01T16:58:42Z 097  5.4  24.5 61.2 1.0106 0.00  0.0
2020-09-01T16:59:42Z 104  2.5  24.4 61.2 1.0106 0.00  0.0
2020-09-01T17:00:42Z 157  0.7  24.4 61.2 1.0106 0.00  0.0
2020-09-01T17:01:42Z 095  2.2  24.6 61.1 1.0106 0.00  0.0
2020-09-01T17:02:42Z 093  4.6  24.6 61.6 1.0106 0.00  0.0
2020-09-01T17:03:42Z 144  2.9  24.6 60.1 1.0106 0.00  0.0
2020-09-01T17:04:42Z 130  4.9  24.6 59.9 1.0106 0.00  0.0
2020-09-01T17:05:42Z 128  1.9  24.6 59.8 1.0106 0.00  0.0
2020-09-01T17:06:42Z 110  5.5  24.7 59.8 1.0106 0.00  0.0
2020-09-01T17:07:42Z 135  5.5  24.6 59.7 1.0106 0.00  0.0
2020-09-01T17:08:42Z 127  1.6  24.6 60.3 1.0106 0.00  0.0
2020-09-01T17:09:42Z 109  3.3  24.6 60.2 1.0106 0.00  0.0
2020-09-01T17:10:42Z 113  1.0  24.7 60.0 1.0106 0.00  0.0
2020-09-01T17:11:42Z 138  1.9  24.8 59.5 1.0106 0.00  0.0
2020-09-01T17:12:42Z 080  2.3  24.8 59.4 1.0106 0.00  0.0
2020-09-01T17:13:42Z 091  4.5  24.8 58.8 1.0106 0.00  0.0
2020-09-01T17:14:42Z 131  1.6  24.7 59.2 1.0106 0.00  0.0
2020-09-01T17:15:42Z 069  0.7  24.7 59.2 1.0106 0.00  0.0
2020-09-01T17:16:42Z 112  3.5  24.7 59.4 1.0107 0.00  0.0
2020-09-01T17:17:42Z 100  1.9  24.7 59.5 1.0107 0.00  0.0
2020-09-01T17:18:42Z 093  3.0  24.7 59.8 1.0107 0.00  0.0
2020-09-01T17:19:42Z 102  1.7  24.6 60.3 1.0107 0.00  0.0
2020-09-01T17:20:42Z 110  2.7  24.6 60.7 1.0107 0.00  0.0
2020-09-01T17:21:42Z 095  2.2  24.6 61.0 1.0107 0.00  0.0
2020-09-01T17:22:42Z 096  3.3  24.6 60.6 1.0106 0.00  0.0
2020-09-01T17:23:42Z 124  3.2  24.6 60.0 1.0106 0.00  0.0
2020-09-01T17:24:42Z 103  3.4  24.6 60.0 1.0106 0.00  0.0
2020-09-01T17:25:42Z 114  4.4  24.7 60.0 1.0106 0.00  0.0
2020-09-01T17:26:42Z 134  1.2  24.8 59.3 1.0106 0.00  0.0
2020-09-01T17:27:42Z 118  3.7  24.9 59.1 1.0106 0.00  0.0
2020-09-01T17:28:42Z 124  3.5  25.0 58.9 1.0106 0.00  0.0
2020-09-01T17:29:42Z 123  3.0  25.1 57.9 1.0106 0.00  0.0
2020-09-01T17:30:42Z 156  0.8  25.1 58.2 1.0106 0.00  0.0
2020-09-01T17:31:42Z 143  1.2  25.3 58.1 1.0106 0.00  0.0
2020-09-01T17:32:42Z 078  3.4  25.3 56.2 1.0106 0.00  0.0
2020-09-01T17:33:42Z 103  5.2  25.2 55.7 1.0105 0.00  0.0
2020-09-01T17:34:42Z 103  2.2  25.0 56.3 1.0105 0.00  0.0
2020-09-01T17:35:42Z 115  3.0  25.0 56.5 1.0105 0.00  0.0
2020-09-01T17:36:42Z 114  3.7  25.0 56.7 1.0106 0.00  0.0
2020-09-01T17:37:42Z 104  5.5  25.0 56.1 1.0106 0.00  0.0
2020-09-01T17:38:42Z 084  2.4  24.9 56.5 1.0106 0.00  0.0
2020-09-01T17:39:42Z 135  1.0  24.9 56.9 1.0106 0.00  0.0
2020-09-01T17:40:42Z 072  1.5  24.9 56.9 1.0106 0.00  0.0
2020-09-01T17:41:42Z 024  1.6  25.0 56.8 1.0106 0.00  0.0
2020-09-01T17:42:42Z 089  1.8  25.1 56.7 1.0105 0.00  0.0
2020-09-01T17:43:42Z 090  5.2  25.1 57.0 1.0105 0.00  0.0
2020-09-01T17:44:42Z 127  2.2  25.0 57.4 1.0105 0.00  0.0
2020-09-01T17:45:42Z 107  3.8  25.0 57.1 1.0105 0.00  0.0
2020-09-01T17:46:42Z 117  3.6  24.9 57.6 1.0105 0.00  0.0
2020-09-01T17:47:42Z 113  2.7  24.9 58.2 1.0105 0.00  0.0
2020-09-01T17:48:42Z 128  3.3  24.9 58.4 1.0105 0.00  0.0
2020-09-01T17:49:42Z 097  1.3  24.8 58.6 1.0105 0.00  0.0
2020-09-01T17:50:42Z 122  1.9  24.8 59.0 1.0105 0.00  0.0
2020-09-01T17:51:42Z 097  4.8  24.8 59.8 1.0105 0.00  0.0
2020-09-01T17:52:42Z 124  1.9  24.7 60.4 1.0105 0.00  0.0
2020-09-01T17:53:42Z 096  2.8  24.6 60.7 1.0105 0.00  0.0
2020-09-01T17:54:42Z 117  1.8  24.5 61.4 1.0105 0.00  0.0
2020-09-01T17:55:42Z 107  4.0  24.5 62.0 1.0105 0.00  0.0
2020-09-01T17:56:42Z 093  5.4  24.5 62.8 1.0105 0.00  0.0
2020-09-01T17:57:42Z 097  3.2  24.4 63.3 1.0105 0.00  0.0
2020-09-01T17:58:42Z 094  4.7  24.3 63.7 1.0105 0.00  0.0
2020-09-01T17:59:42Z 109  2.8  24.2 64.3 1.0105 0.00  0.0
2020-09-01T18:00:42Z 196  1.3  24.2 64.4 1.0105 0.00  0.0
2020-09-01T18:01:42Z 133  2.2  24.2 64.3 1.0104 0.00  0.0
2020-09-01T18:02:42Z 101  3.9  24.2 64.2 1.0103 0.00  0.0
2020-09-01T18:03:42Z 086  1.3  24.2 64.7 1.0104 0.00  0.0
2020-09-01T18:04:42Z 114  1.9  24.2 64.4 1.0104 0.00  0.0
2020-09-01T18:05:42Z 108  3.3  24.2 64.4 1.0103 0.00  0.0
2020-09-01T18:06:42Z 104  2.0  24.2 64.4 1.0103 0.00  0.0
2020-09-01T18:07:42Z 092  3.6  24.3 64.5 1.0103 0.00  0.0
2020-09-01T18:08:42Z 089  3.1  24.3 64.2 1.0103 0.00  0.0
2020-09-01T18:09:42Z 109  2.3  24.2 64.8 1.0103 0.00  0.0
2020-09-01T18:10:42Z 088  2.4  24.2 64.6 1.0103 0.00  0.0
2020-09-01T18:11:42Z 095  3.2  24.2 64.5 1.0103 0.00  0.0
2020-09-01T18:12:42Z 096  2.7  24.3 64.4 1.0103 0.00  0.0
2020-09-01T18:13:42Z 120  3.8  24.3 64.4 1.0103 0.00  0.0
2020-09-01T18:14:42Z 098  4.9  24.3 64.3 1.0103 0.00  0.0
2020-09-01T18:15:42Z 090  2.6  24.2 64.0 1.0103 0.00  0.0
2020-09-01T18:16:42Z 110  4.3  24.2 64.0 1.0102 0.00  0.0
2020-09-01T18:17:42Z 089  4.7  24.1 63.7 1.0103 0.00  0.0
2020-09-01T18:18:42Z 109  2.2  24.1 64.2 1.0102 0.00  0.0
2020-09-01T18:19:42Z 080  1.8  24.1 64.3 1.0102 0.00  0.0
2020-09-01T18:20:42Z 098  5.9  24.1 64.4 1.0102 0.00  0.0
2020-09-01T18:21:42Z 128  3.2  24.1 64.6 1.0102 0.00  0.0
2020-09-01T18:22:42Z 098  4.1  24.1 64.3 1.0102 0.00  0.0
2020-09-01T18:23:42Z 101  4.9  24.1 64.8 1.0102 0.00  0.0
2020-09-01T18:24:42Z 099  2.0  24.1 64.9 1.0102 0.00  0.0
2020-09-01T18:25:42Z 100  4.4  24.1 65.1 1.0102 0.00  0.0
2020-09-01T18:26:42Z 100  5.0  24.1 65.2 1.0102 0.00  0.0
2020-09-01T18:27:42Z 168  0.8  24.1 65.7 1.0102 0.00  0.0
2020-09-01T18:28:42Z 098  4.3  24.1 65.7 1.0102 0.00  0.0
2020-09-01T18:29:42Z 117  3.3  24.1 65.8 1.0101 0.00  0.0
2020-09-01T18:30:42Z 136  2.7  24.1 65.8 1.0101 0.00  0.0
2020-09-01T18:31:42Z 098  5.8  24.1 65.4 1.0101 0.00  0.0
2020-09-01T18:32:42Z 087  2.0  24.1 65.8 1.0101 0.00  0.0
2020-09-01T18:33:42Z 103  1.2  24.1 65.9 1.0101 0.00  0.0
2020-09-01T18:34:42Z 149  1.6  24.1 66.1 1.0101 0.00  0.0
2020-09-01T18:35:42Z 086  2.1  24.1 66.1 1.0101 0.00  0.0
2020-09-01T18:36:42Z 092  2.5  24.1 66.0 1.0101 0.00  0.0
2020-09-01T18:37:42Z 091  3.8  24.1 66.0 1.0101 0.00  0.0
2020-09-01T18:38:42Z 109  2.4  24.1 65.8 1.0100 0.00  0.0
2020-09-01T18:39:42Z 087  2.7  24.1 65.9 1.0100 0.00  0.0
2020-09-01T18:40:42Z 102  5.6  24.1 65.8 1.0099 0.00  0.0
2020-09-01T18:41:42Z 094  3.6  24.1 65.5 1.0099 0.00  0.0
2020-09-01T18:42:42Z 098  5.4  24.1 65.5 1.0099 0.00  0.0
2020-09-01T18:43:42Z 110  5.6  24.1 65.4 1.0098 0.00  0.0
2020-09-01T18:44:42Z 101  2.1  24.0 65.2 1.0099 0.00  0.0
2020-09-01T18:45:42Z 100  4.0  24.0 65.2 1.0098 0.00  0.0
2020-09-01T18:46:42Z 121  2.2  24.0 65.3 1.0099 0.00  0.0
2020-09-01T18:47:42Z 086  1.6  24.0 65.5 1.0098 0.00  0.0
2020-09-01T18:48:42Z 109  3.7  24.0 65.7 1.0098 0.00  0.0
2020-09-01T18:49:42Z 105  3.1  24.0 66.0 1.0097 0.00  0.0
2020-09-01T18:50:42Z 093  2.7  24.0 65.9 1.0098 0.00  0.0
2020-09-01T18:51:42Z 082  3.0  24.0 66.2 1.0098 0.00  0.0
2020-09-01T18:52:42Z 091  4.2  24.0 66.3 1.0098 0.00  0.0
2020-09-01T18:53:42Z 110  2.2  24.0 66.4 1.0098 0.00  0.0
2020-09-01T18:54:42Z 093  4.2  24.0 66.3 1.0098 0.00  0.0
2020-09-01T18:55:42Z 141  0.9  24.0 66.3 1.0098 0.00  0.0
2020-09-01T18:56:42Z 082  5.0  24.0 66.2 1.0098 0.00  0.0
2020-09-01T18:57:42Z 085  4.3  24.0 65.9 1.0098 0.00  0.0
2020-09-01T18:58:42Z 138  1.8  24.0 66.2 1.0097 0.00  0.0
2020-09-01T18:59:42Z 097  3.6  24.1 65.9 1.0097 0.00  0.0
2020-09-01T19:00:42Z 089  5.3  24.1 65.9 1.0097 0.00  0.0
2020-09-01T19:01:42Z 116  4.5  24.1 65.6 1.0096 0.00  0.0
2020-09-01T19:02:42Z 112  3.6  24.1 65.2 1.0096 0.00  0.0
2020-09-01T19:03:42Z 122  1.5  24.2 65.6 1.0097 0.00  0.0
2020-09-01T19:04:42Z 107  1.6  24.2 65.3 1.0097 0.00  0.0
2020-09-01T19:05:42Z 067  2.7  24.3 65.1 1.0097 0.00  0.0
2020-09-01T19:06:42Z 156  1.6  24.3 65.1 1.0097 0.00  0.0
2020-09-01T19:07:42Z 094  2.7  24.4 65.0 1.0096 0.00  0.0
2020-09-01T19:08:42Z 104  3.0  24.4 64.4 1.0096 0.00  0.0
2020-09-01T19:09:42Z 117  2.5  24.4 64.4 1.0096 0.00  0.0
2020-09-01T19:10:42Z 134  2.1  24.4 64.5 1.0097 0.00  0.0
2020-09-01T19:11:42Z 094  2.7  24.5 64.2 1.0097 0.00  0.0
2020-09-01T19:12:42Z 111  2.9  24.5 63.8 1.0097 0.00  0.0
2020-09-01T19:13:42Z 096  5.1  24.5 63.8 1.0096 0.00  0.0
2020-09-01T19:14:42Z 120  1.4  24.4 64.0 1.0096 0.00  0.0
2020-09-01T19:15:42Z 104  2.9  24.4 64.0 1.0096 0.00  0.0
2020-09-01T19:16:42Z 128  2.9  24.4 63.9 1.0096 0.00  0.0
2020-09-01T19:17:42Z 151  1.2  24.4 63.9 1.0096 0.00  0.0
2020-09-01T19:18:42Z 081  1.8  24.4 64.3 1.0096 0.00  0.0
2020-09-01T19:19:42Z 105  2.4  24.5 64.2 1.0096 0.00  0.0
2020-09-01T19:20:42Z 090  1.3  24.5 64.2 1.0096 0.00  0.0
2020-09-01T19:21:42Z 137  2.7  24.5 63.9 1.0095 0.00  0.0
2020-09-01T19:22:42Z 094  4.7  24.5 63.8 1.0095 0.00  0.0
2020-09-01T19:23:42Z 092  3.4  24.4 63.9 1.0095 0.00  0.0
2020-09-01T19:24:42Z 085  4.6  24.4 64.0 1.0095 0.00  0.0
2020-09-01T19:25:42Z 103  4.0  24.3 64.4 1.0094 0.00  0.0
2020-09-01T19:26:42Z 103  1.9  24.3 64.5 1.0095 0.00  0.0
2020-09-01T19:27:42Z 105  5.0  24.3 64.9 1.0094 0.00  0.0
2020-09-01T19:28:42Z 087  3.5  24.3 65.0 1.0095 0.00  0.0
2020-09-01T19:29:42Z 098  2.9  24.3 64.9 1.0095 0.00  0.0
2020-09-01T19:30:42Z 110  3.7  24.3 64.9 1.0095 0.00  0.0
2020-09-01T19:31:42Z 092  4.0  24.3 64.8 1.0095 0.00  0.0
2020-09-01T19:32:42Z 105  2.7  24.3 64.7 1.0095 0.00  0.0
2020-09-01T19:33:42Z 146  1.6  24.4 64.5 1.0095 0.00  0.0
2020-09-01T19:34:42Z 119  2.4  24.5 64.0 1.0094 0.00  0.0
2020-09-01T19:35:42Z 107  3.0  24.5 64.5 1.0095 0.00  0.0
2020-09-01T19:36:42Z 086  2.7  24.5 64.4 1.0095 0.00  0.0
2020-09-01T19:37:42Z 133  2.4  24.5 64.8 1.0095 0.00  0.0
2020-09-01T19:38:42Z 097  1.5  24.5 64.9 1.0095 0.00  0.0
2020-09-01T19:39:42Z 100  1.8  24.5 64.9 1.0094 0.00  0.0
2020-09-01T19:40:42Z 068  2.2  24.6 64.6 1.0094 0.00  0.0
2020-09-01T19:41:42Z 085  1.9  24.6 64.4 1.0094 0.00  0.0
2020-09-01T19:42:42Z 099  5.2  24.7 64.0 1.0094 0.00  0.0
2020-09-01T19:43:42Z 113  3.0  24.7 64.3 1.0094 0.00  0.0
2020-09-01T19:44:42Z 102  2.5  24.7 64.3 1.0094 0.00  0.0
2020-09-01T19:45:42Z 070  4.2  24.8 63.6 1.0094 0.00  0.0
2020-09-01T19:46:42Z 114  2.4  24.8 63.0 1.0094 0.00  0.0
2020-09-01T19:47:42Z 079  3.2  24.8 63.0 1.0094 0.00  0.0
2020-09-01T19:48:42Z 107  2.7  24.8 63.0 1.0093 0.00  0.0
2020-09-01T19:49:42Z 116  2.7  24.8 63.2 1.0093 0.00  0.0
2020-09-01T19:50:42Z 091  3.4  24.8 63.4 1.0093 0.00  0.0
2020-09-01T19:51:42Z 070  0.7  24.9 62.8 1.0093 0.00  0.0
2020-09-01T19:52:42Z 101  3.5  24.9 61.9 1.0093 0.00  0.0
2020-09-01T19:53:42Z 087  3.8  24.9 61.7 1.0093 0.00  0.0
2020-09-01T19:54:42Z 094  2.9  24.9 62.1 1.0093 0.00  0.0
2020-09-01T19:55:42Z 141  2.0  24.9 62.6 1.0093 0.00  0.0
2020-09-01T19:56:42Z 070  1.5  24.9 62.4 1.0093 0.00  0.0
2020-09-01T19:57:42Z 107  4.4  24.9 62.7 1.0094 0.00  0.0
2020-09-01T19:58:42Z 098  2.7  25.0 61.5 1.0094 0.00  0.0
2020-09-01T19:59:42Z 115  1.5  25.0 60.9 1.0094 0.00  0.0
2020-09-01T20:00:42Z 119  4.6  25.0 61.6 1.0094 0.00  0.0
2020-09-01T20:01:42Z 097  3.4  25.0 61.2 1.0094 0.00  0.0
2020-09-01T20:02:42Z 119  4.0  25.0 60.2 1.0094 0.00  0.0
2020-09-01T20:03:42Z 093  3.3  24.9 60.6 1.0094 0.00  0.0
2020-09-01T20:04:42Z 094  3.9  24.9 60.4 1.0094 0.00  0.0
2020-09-01T20:05:42Z 068  2.6  24.9 60.7 1.0094 0.00  0.0
2020-09-01T20:06:42Z 099  1.8  24.9 60.8 1.0094 0.00  0.0
2020-09-01T20:07:42Z 129  1.8  24.9 59.9 1.0094 0.00  0.0
2020-09-01T20:08:42Z 104  3.4  25.0 59.9 1.0094 0.00  0.0
2020-09-01T20:09:42Z 094  3.2  25.0 59.9 1.0094 0.00  0.0
2020-09-01T20:10:42Z 088  5.4  25.0 59.2 1.0094 0.00  0.0
2020-09-01T20:11:42Z 101  5.3  24.9 59.8 1.0094 0.00  0.0
2020-09-01T20:12:42Z 091  3.4  24.8 60.1 1.0094 0.00  0.0
2020-09-01T20:13:42Z 030  0.3  24.8 60.1 1.0094 0.00  0.0
2020-09-01T20:14:42Z 067  1.8  24.9 60.1 1.0094 0.00  0.0
2020-09-01T20:15:42Z 089  2.0  24.9 59.6 1.0094 0.00  0.0
2020-09-01T20:16:42Z 111  1.5  25.0 59.7 1.0094 0.00  0.0
2020-09-01T20:17:42Z 119  1.8  25.0 60.0 1.0095 0.00  0.0
2020-09-01T20:18:42Z 107  2.7  25.1 60.3 1.0094 0.00  0.0
2020-09-01T20:19:42Z 126  1.6  25.1 60.1 1.0095 0.00  0.0
2020-09-01T20:20:42Z 100  0.8  25.1 59.5 1.0095 0.00  0.0
2020-09-01T20:21:42Z 092  2.4  25.2 59.5 1.0094 0.00  0.0
2020-09-01T20:22:42Z 096  4.5  25.2 58.1 1.0095 0.00  0.0
2020-09-01T20:23:42Z 119  3.5  25.2 58.9 1.0094 0.00  0.0
2020-09-01T20:24:42Z 099  2.7  25.1 59.2 1.0094 0.00  0.0
2020-09-01T20:25:42Z 111  1.2  25.1 59.0 1.0094 0.00  0.0
2020-09-01T20:26:42Z 127  1.6  25.1 59.6 1.0094 0.00  0.0
2020-09-01T20:27:42Z 098  4.8  25.1 60.0 1.0094 0.00  0.0
2020-09-01T20:28:42Z 099  2.1  25.1 60.5 1.0094 0.00  0.0
2020-09-01T20:29:42Z 148  2.0  25.1 60.6 1.0094 0.00  0.0
2020-09-01T20:30:42Z 102  3.9  25.1 60.0 1.0094 0.00  0.0
2020-09-01T20:31:42Z 085  2.1  25.1 59.6 1.0094 0.00  0.0
2020-09-01T20:32:42Z 088  5.2  25.1 59.3 1.0094 0.00  0.0
2020-09-01T20:33:42Z 101  2.7  25.1 59.0 1.0094 0.00  0.0
2020-09-01T20:34:42Z 121  1.3  25.0 59.5 1.0094 0.00  0.0
2020-09-01T20:35:42Z 124  3.2  25.1 59.4 1.0094 0.00  0.0
2020-09-01T20:36:42Z 094  2.4  25.1 59.5 1.0094 0.00  0.0
2020-09-01T20:37:42Z 095  5.3  25.0 58.8 1.0095 0.00  0.0
2020-09-01T20:38:42Z 093  4.2  24.9 59.2 1.0095 0.00  0.0
2020-09-01T20:39:42Z 087  2.8  24.9 59.6 1.0095 0.00  0.0
2020-09-01T20:40:42Z 112  2.3  24.8 59.6 1.0095 0.00  0.0
2020-09-01T20:41:42Z 103  2.8  24.9 59.6 1.0095 0.00  0.0
2020-09-01T20:42:42Z 108  4.4  24.9 60.0 1.0095 0.00  0.0
2020-09-01T20:43:42Z 121  3.3  24.8 60.2 1.0095 0.00  0.0
2020-09-01T20:44:42Z 109  3.0  24.8 60.2 1.0095 0.00  0.0
2020-09-01T20:45:42Z 119  2.9  24.9 60.5 1.0095 0.00  0.0
2020-09-01T20:46:42Z 092  2.6  24.9 60.5 1.0095 0.00  0.0
2020-09-01T20:47:42Z 066  3.6  25.0 60.7 1.0096 0.00  0.0
2020-09-01T20:48:42Z 113  3.3  24.9 60.7 1.0095 0.00  0.0
2020-09-01T20:49:42Z 060  2.7  24.9 60.7 1.0095 0.00  0.0
2020-09-01T20:50:42Z 096  3.1  24.9 60.6 1.0095 0.00  0.0
2020-09-01T20:51:42Z 115  0.5  24.8 61.0 1.0096 0.00  0.0
2020-09-01T20:52:42Z 073  5.7  24.8 60.1 1.0096 0.00  0.0
2020-09-01T20:53:42Z 068  3.8  24.8 60.4 1.0096 0.00  0.0
2020-09-01T20:54:42Z 070  2.5  24.9 60.0 1.0096 0.00  0.0
2020-09-01T20:55:42Z 063  3.3  24.9 60.1 1.0096 0.00  0.0
2020-09-01T20:56:42Z 063  1.9  24.9 60.2 1.0096 0.00  0.0
2020-09-01T20:57:42Z 093  3.2  24.9 59.8 1.0096 0.00  0.0
2020-09-01T20:58:42Z 112  2.0  24.8 59.9 1.0095 0.00  0.0
2020-09-01T20:59:42Z 135  1.3  24.8 59.7 1.0095 0.00  0.0
2020-09-01T21:00:42Z 096  4.3  24.8 60.0 1.0095 0.00  0.0
2020-09-01T21:01:42Z 107  2.7  24.8 60.0 1.0095 0.00  0.0
2020-09-01T21:02:42Z 060  0.4  24.8 60.2 1.0095 0.00  0.0
2020-09-01T21:03:42Z 111  3.7  24.9 60.1 1.0095 0.00  0.0
2020-09-01T21:04:42Z 085  4.3  24.9 60.1 1.0094 0.00  0.0
2020-09-01T21:05:42Z 072  0.9  24.9 60.4 1.0095 0.00  0.0
2020-09-01T21:06:42Z 063  2.5  24.8 60.3 1.0095 0.00  0.0
2020-09-01T21:07:42Z 099  3.4  24.8 60.2 1.0095 0.00  0.0
2020-09-01T21:08:42Z 097  5.4  24.8 59.8 1.0095 0.00  0.0
2020-09-01T21:09:42Z 114  4.3  24.8 59.4 1.0095 0.00  0.0
2020-09-01T21:10:42Z 124  3.5  24.8 59.5 1.0094 0.00  0.0
2020-09-01T21:11:42Z 095  2.0  24.8 59.6 1.0094 0.00  0.0
2020-09-01T21:12:42Z 108  2.6  24.8 59.6 1.0094 0.00  0.0
2020-09-01T21:13:42Z 098  4.4  24.8 59.5 1.0094 0.00  0.0
2020-09-01T21:14:42Z 097  4.9  24.8 59.9 1.0094 0.00  0.0
2020-09-01T21:15:42Z 080  4.4  24.7 59.7 1.0094 0.00  0.0
2020-09-01T21:16:42Z 133  0.5  24.6 60.1 1.0094 0.00  0.0
2020-09-01T21:17:42Z 104  2.3  24.6 60.3 1.0094 0.00  0.0
2020-09-01T21:18:42Z 110  2.2  24.6 60.0 1.0094 0.00  0.0
2020-09-01T21:19:42Z 096  5.3  24.7 60.0 1.0094 0.00  0.0
2020-09-01T21:20:42Z 076  2.6  24.6 60.2 1.0094 0.00  0.0
2020-09-01T21:21:42Z 118  2.7  24.7 60.2 1.0094 0.00  0.0
2020-09-01T21:22:42Z 115  1.5  24.7 60.3 1.0094 0.00  0.0
2020-09-01T21:23:42Z 094  2.4  24.7 60.1 1.0094 0.00  0.0
2020-09-01T21:24:42Z 118  2.2  24.7 60.5 1.0094 0.00  0.0
2020-09-01T21:25:42Z 083  2.5  24.7 60.0 1.0095 0.00  0.0
2020-09-01T21:26:42Z 099  2.1  24.7 59.9 1.0095 0.00  0.0
2020-09-01T21:27:42Z 103  2.6  24.7 60.1 1.0095 0.00  0.0
2020-09-01T21:28:42Z 093  4.7  24.7 59.5 1.0094 0.00  0.0
2020-09-01T21:29:42Z 107  4.8  24.6 59.6 1.0094 0.00  0.0
2020-09-01T21:30:42Z 129  1.7  24.5 60.2 1.0094 0.00  0.0
2020-09-01T21:31:42Z 127  1.6  24.5 60.5 1.0094 0.00  0.0
2020-09-01T21:32:42Z 105  2.8  24.5 60.3 1.0094 0.00  0.0
2020-09-01T21:33:42Z 095  3.1  24.4 60.7 1.0094 0.00  0.0
2020-09-01T21:34:42Z 101  1.8  24.4 60.9 1.0093 0.00  0.0
2020-09-01T21:35:42Z 118  2.6  24.4 60.9 1.0094 0.00  0.0
2020-09-01T21:36:42Z 083  2.2  24.4 61.0 1.0093 0.00  0.0
2020-09-01T21:37:42Z 096  4.0  24.4 61.3 1.0093 0.00  0.0
2020-09-01T21:38:42Z 121  1.2  24.4 61.3 1.0094 0.00  0.0
2020-09-01T21:39:42Z 104  2.2  24.4 61.5 1.0093 0.00  0.0
2020-09-01T21:40:42Z 129  1.0  24.4 61.6 1.0093 0.00  0.0
2020-09-01T21:41:42Z 129  2.1  24.4 61.7 1.0093 0.00  0.0
2020-09-01T21:42:42Z 091  4.0  24.4 62.0 1.0093 0.00  0.0
2020-09-01T21:43:42Z 087  3.6  24.3 62.2 1.0093 0.00  0.0
2020-09-01T21:44:42Z 106  4.4  24.3 62.1 1.0093 0.00  0.0
2020-09-01T21:45:42Z 140  0.8  24.3 62.2 1.0093 0.00  0.0
2020-09-01T21:46:42Z 103  2.5  24.3 62.2 1.0094 0.00  0.0
2020-09-01T21:47:42Z 076  1.2  24.3 62.3 1.0094 0.00  0.0
2020-09-01T21:48:42Z 076  1.4  24.3 62.6 1.0094 0.00  0.0
2020-09-01T21:49:42Z 074  2.2  24.3 62.4 1.0094 0.00  0.0
2020-09-01T21:50:42Z 071  1.7  24.3 62.5 1.0094 0.00  0.0
2020-09-01T21:51:42Z 100  3.4  24.3 62.5 1.0093 0.00  0.0
2020-09-01T21:52:42Z 101  2.1  24.3 62.7 1.0093 0.00  0.0
2020-09-01T21:53:42Z 095  4.0  24.3 62.7 1.0094 0.00  0.0
2020-09-01T21:54:42Z 104  2.6  24.2 62.8 1.0094 0.00  0.0
2020-09-01T21:55:42Z 110  2.8  24.2 62.8 1.0094 0.00  0.0
2020-09-01T21:56:42Z 093  4.4  24.2 62.7 1.0094 0.00  0.0
2020-09-01T21:57:42Z 102  1.9  24.2 62.9 1.0094 0.00  0.0
2020-09-01T21:58:42Z 097  1.5  24.2 62.9 1.0094 0.00  0.0
2020-09-01T21:59:42Z 091  3.0  24.2 62.8 1.0094 0.00  0.0
2020-09-01T22:00:42Z 154  1.4  24.2 62.7 1.0095 0.00  0.0
2020-09-01T22:01:42Z 095  3.5  24.2 62.6 1.0095 0.00  0.0
2020-09-01T22:02:42Z 106  2.6  24.2 62.5 1.0095 0.00  0.0
2020-09-01T22:03:42Z 089  1.7  24.2 62.8 1.0095 0.00  0.0
2020-09-01T22:04:42Z 097  2.5  24.2 62.6 1.0095 0.00  0.0
2020-09-01T22:05:42Z 104  3.7  24.2 62.5 1.0094 0.00  0.0
2020-09-01T22:06:42Z 091  3.4  24.1 62.6 1.0095 0.00  0.0
2020-09-01T22:07:42Z 113  1.2  24.1 62.7 1.0095 0.00  0.0
2020-09-01T22:08:42Z 105  3.5  24.1 62.9 1.0094 0.00  0.0
2020-09-01T22:09:42Z 090  3.9  24.1 62.9 1.0094 0.00  0.0
2020-09-01T22:10:42Z 108  1.4  24.1 62.9 1.0095 0.00  0.0
2020-09-01T22:11:42Z 091  5.1  24.1 62.8 1.0095 0.00  0.0
2020-09-01T22:12:42Z 113  2.6  24.1 62.8 1.0095 0.00  0.0
2020-09-01T22:13:42Z 124  3.1  24.1 62.9 1.0095 0.00  0.0
2020-09-01T22:14:42Z 108  4.6  24.1 62.9 1.0095 0.00  0.0
2020-09-01T22:15:42Z 114  2.4  24.0 62.9 1.0095 0.00  0.0
2020-09-01T22:16:42Z 103  3.5  24.0 62.7 1.0095 0.00  0.0
2020-09-01T22:17:42Z 092  2.4  24.0 63.1 1.0095 0.00  0.0
2020-09-01T22:18:42Z 066  2.5  24.0 63.2 1.0095 0.00  0.0
2020-09-01T22:19:42Z 091  3.4  24.0 63.2 1.0095 0.00  0.0
2020-09-01T22:20:42Z 093  3.6  24.0 63.0 1.0096 0.00  0.0
2020-09-01T22:21:42Z 091  4.1  24.0 63.6 1.0096 0.00  0.0
2020-09-01T22:22:42Z 089  4.0  24.0 63.7 1.0096 0.00  0.0
2020-09-01T22:23:42Z 079  3.9  24.0 64.0 1.0096 0.00  0.0
2020-09-01T22:24:42Z 096  3.3  23.9 64.3 1.0097 0.00  0.0
2020-09-01T22:25:42Z 083  3.1  23.9 64.6 1.0097 0.00  0.0
2020-09-01T22:26:42Z 093  2.3  23.9 64.6 1.0097 0.00  0.0
2020-09-01T22:27:42Z 105  3.9  23.9 64.6 1.0097 0.00  0.0
2020-09-01T22:28:42Z 117  0.8  23.9 64.8 1.0097 0.00  0.0
2020-09-01T22:29:42Z 112  3.9  23.9 64.9 1.0097 0.00  0.0
2020-09-01T22:30:42Z 172  1.1  23.9 65.1 1.0096 0.00  0.0
2020-09-01T22:31:42Z 104  3.1  23.8 65.2 1.0096 0.00  0.0
2020-09-01T22:32:42Z 100  2.9  23.8 65.2 1.0096 0.00  0.0
2020-09-01T22:33:42Z 109  1.8  23.8 65.2 1.0096 0.00  0.0
2020-09-01T22:34:42Z 127  1.4  23.8 65.5 1.0096 0.00  0.0
2020-09-01T22:35:42Z 134  1.5  23.9 65.5 1.0096 0.00  0.0
2020-09-01T22:36:42Z 078  1.4  23.9 65.4 1.0097 0.00  0.0
2020-09-01T22:37:42Z 104  1.5  23.9 65.1 1.0097 0.00  0.0
2020-09-01T22:38:42Z 088  4.1  23.9 65.0 1.0097 0.00  0.0
2020-09-01T22:39:42Z 090  4.4  23.8 65.1 1.0097 0.00  0.0
2020-09-01T22:40:42Z 107  3.8  23.8 65.2 1.0097 0.00  0.0
2020-09-01T22:41:42Z 122  2.2  23.7 65.3 1.0097 0.00  0.0
2020-09-01T22:42:42Z 052  1.9  23.7 65.1 1.0097 0.00  0.0
2020-09-01T22:43:42Z 088  4.4  23.8 65.2 1.0098 0.00  0.0
2020-09-01T22:44:42Z 109  4.7  23.7 65.4 1.0098 0.00  0.0
2020-09-01T22:45:42Z 081  2.0  23.7 65.3 1.0097 0.00  0.0
2020-09-01T22:46:42Z 106  5.8  23.7 65.6 1.0097 0.00  0.0
2020-09-01T22:47:42Z 113  4.6  23.7 65.8 1.0097 0.00  0.0
2020-09-01T22:48:42Z 097  4.1  23.6 65.8 1.0097 0.00  0.0
2020-09-01T22:49:42Z 140  1.4  23.6 65.9 1.0097 0.00  0.0
2020-09-01T22:50:42Z 098  3.2  23.6 65.9 1.0097 0.00  0.0
2020-09-01T22:51:42Z 098  4.5  23.6 66.4 1.0097 0.00  0.0
2020-09-01T22:52:42Z 111  1.0  23.6 66.3 1.0097 0.00  0.0
2020-09-01T22:53:42Z 093  1.9  23.5 66.4 1.0097 0.00  0.0
2020-09-01T22:54:42Z 124  2.8  23.6 66.7 1.0097 0.00  0.0
2020-09-01T22:55:42Z 111  4.3  23.5 66.7 1.0096 0.00  0.0
2020-09-01T22:56:42Z 088  2.3  23.5 66.7 1.0097 0.00  0.0
2020-09-01T22:57:42Z 085  1.7  23.6 66.9 1.0097 0.00  0.0
2020-09-01T22:58:42Z 107  1.8  23.5 66.7 1.0097 0.00  0.0
2020-09-01T22:59:42Z 109  2.4  23.5 66.7 1.0097 0.00  0.0
2020-09-01T23:00:42Z 107  1.4  23.5 67.0 1.0097 0.00  0.0
2020-09-01T23:01:42Z 075  1.8  23.5 67.2 1.0097 0.00  0.0
2020-09-01T23:02:42Z 115  1.3  23.5 67.3 1.0096 0.00  0.0
2020-09-01T23:03:42Z 106  5.1  23.5 67.3 1.0096 0.00  0.0
2020-09-01T23:04:42Z 096  2.4  23.4 67.5 1.0097 0.00  0.0
2020-09-01T23:05:42Z 098  2.4  23.4 67.7 1.0097 0.00  0.0
2020-09-01T23:06:42Z 117  1.3  23.4 67.8 1.0097 0.00  0.0
2020-09-01T23:07:42Z 105  2.1  23.4 67.8 1.0097 0.00  0.0
2020-09-01T23:08:42Z 108  3.0  23.3 68.0 1.0097 0.00  0.0
2020-09-01T23:09:42Z 110  1.8  23.3 68.1 1.0097 0.00  0.0
2020-09-01T23:10:42Z 102  2.1  23.3 68.1 1.0097 0.00  0.0
2020-09-01T23:11:42Z 078  2.5  23.3 68.3 1.0097 0.00  0.0
2020-09-01T23:12:42Z 101  1.7  23.3 68.6 1.0098 0.00  0.0
2020-09-01T23:13:42Z 104  1.4  23.3 68.8 1.0098 0.00  0.0
2020-09-01T23:14:42Z 104  2.3  23.2 69.1 1.0098 0.00  0.0
2020-09-01T23:15:42Z 106  2.9  23.2 69.1 1.0098 0.00  0.0
2020-09-01T23:16:42Z 104  4.1  23.2 69.4 1.0098 0.00  0.0
2020-09-01T23:17:42Z 092  1.6  23.2 69.4 1.0098 0.00  0.0
2020-09-01T23:18:42Z 074  2.2  23.2 69.6 1.0098 0.00  0.0
2020-09-01T23:19:42Z 096  2.5  23.2 69.8 1.0098 0.00  0.0
2020-09-01T23:20:42Z 086  2.2  23.1 69.6 1.0099 0.00  0.0
2020-09-01T23:21:42Z 067  0.4  23.1 69.8 1.0098 0.00  0.0
2020-09-01T23:22:42Z 106  2.2  23.1 69.8 1.0098 0.00  0.0
2020-09-01T23:23:42Z 105  3.5  23.1 70.1 1.0098 0.00  0.0
2020-09-01T23:24:42Z 093  2.4  23.1 70.1 1.0098 0.00  0.0
2020-09-01T23:25:42Z 131  0.9  23.1 70.2 1.0098 0.00  0.0
2020-09-01T23:26:42Z 091  3.2  23.1 69.8 1.0098 0.00  0.0
2020-09-01T23:27:42Z 080  4.7  23.1 70.5 1.0098 0.00  0.0
2020-09-01T23:28:42Z 126  1.6  23.0 70.4 1.0098 0.00  0.0
2020-09-01T23:29:42Z 088  3.1  23.0 70.6 1.0098 0.00  0.0
2020-09-01T23:30:42Z 085  2.7  23.0 70.6 1.0098 0.00  0.0
2020-09-01T23:31:42Z 092  2.9  23.0 70.8 1.0098 0.00  0.0
2020-09-01T23:32:42Z 106  2.4  23.0 71.0 1.0098 0.00  0.0
2020-09-01T23:33:42Z 078  1.9  22.9 71.0 1.0098 0.00  0.0
2020-09-01T23:34:42Z 037  2.2  22.9 71.3 1.0099 0.00  0.0
2020-09-01T23:35:42Z 086  0.7  22.9 71.1 1.0099 0.00  0.0
2020-09-01T23:36:42Z 098  2.1  22.9 71.2 1.0099 0.00  0.0
2020-09-01T23:37:42Z 089  1.9  22.9 71.3 1.0099 0.00  0.0
2020-09-01T23:38:42Z 109  2.6  22.9 71.4 1.0099 0.00  0.0
2020-09-01T23:39:42Z 095  2.5  22.9 71.6 1.0099 0.00  0.0
2020-09-01T23:40:42Z 106  2.5  22.9 71.5 1.0099 0.00  0.0
2020-09-01T23:41:42Z 090  2.0  22.9 71.7 1.0099 0.00  0.0
2020-09-01T23:42:42Z 105  2.8  22.9 71.6 1.0099 0.00  0.0
2020-09-01T23:43:42Z 107  4.8  22.9 72.0 1.0099 0.00  0.0
2020-09-01T23:44:42Z 102  1.1  22.9 71.8 1.0100 0.00  0.0
2020-09-01T23:45:42Z 085  2.0  22.8 71.9 1.0100 0.00  0.0
2020-09-01T23:46:42Z 089  1.3  22.8 72.1 1.0100 0.00  0.0
2020-09-01T23:47:42Z 050  1.6  22.8 72.1 1.0101 0.00  0.0
2020-09-01T23:48:42Z 068  0.2  22.8 72.2 1.0101 0.00  0.0
2020-09-01T23:49:42Z 089  1.1  22.8 72.2 1.0100 0.00  0.0
2020-09-01T23:50:42Z 081  1.1  22.8 72.5 1.0100 0.00  0.0
2020-09-01T23:51:42Z 130  0.8  22.8 72.3 1.0100 0.00  0.0
2020-09-01T23:52:42Z 073  2.2  22.8 72.7 1.0101 0.00  0.0
2020-09-01T23:53:42Z 063  2.5  22.8 72.8 1.0101 0.00  0.0
2020-09-01T23:54:42Z 009  1.4  22.8 72.9 1.0101 0.00  0.0
2020-09-01T23:55:42Z 084  1.7  22.8 73.1 1.0101 0.00  0.0
2020-09-01T23:56:42Z 348  0.9  22.7 73.3 1.0101 0.00  0.0
2020-09-01T23:57:42Z 058  2.1  22.7 73.5 1.0101 0.00  0.0
2020-09-01T23:58:42Z 034  1.9  22.7 73.6 1.0101 0.00  0.0
