Timestamp MeanWindDirection_deg MeanWindSpeed_mps AirTemp_C RelHum AirPress_bar RainAcc_mm HailAcc_hits
2020-04-30T23:59:42Z 117  5.6  15.1 83.9 0.9979 0.00  0.0
2020-05-01T00:00:42Z 020  1.3  15.1 83.6 0.9979 0.00  0.0
2020-05-01T00:01:42Z 105  8.1  15.1 83.6 0.9981 0.11  0.0
2020-05-01T00:02:42Z 110  6.7  15.2 83.7 0.9981 0.06  0.0
2020-05-01T00:03:42Z 121  7.1  15.2 84.3 0.9980 0.05  0.0
2020-05-01T00:04:42Z 121  6.6  15.1 84.7 0.9979 0.05  0.0
2020-05-01T00:05:42Z 098  3.9  15.1 84.9 0.9979 0.03  0.0
2020-05-01T00:06:42Z 123  6.5  15.0 85.2 0.9981 0.02  0.0
2020-05-01T00:07:42Z 135  2.9  15.0 85.2 0.9981 0.12  0.0
2020-05-01T00:08:42Z 132  6.5  15.0 85.4 0.9982 0.10  0.0
2020-05-01T00:09:42Z 115  8.3  15.0 85.4 0.9982 0.25  0.0
2020-05-01T00:10:42Z 092  4.2  15.0 85.6 0.9983 0.15  0.0
2020-05-01T00:11:42Z 134  5.3  15.0 85.9 0.9985 0.21  0.0
2020-05-01T00:12:42Z 102  4.2  15.0 86.2 0.9984 0.19  0.0
2020-05-01T00:13:42Z 141  2.8  15.0 86.6 0.9985 0.15  0.0
2020-05-01T00:14:42Z 172  4.2  14.9 86.9 0.9985 0.15  0.0
2020-05-01T00:15:42Z 115  5.0  14.9 87.2 0.9984 0.09  0.0
2020-05-01T00:16:42Z 116  3.4  14.9 87.4 0.9985 0.05  0.0
2020-05-01T00:17:42Z 108  7.2  14.8 87.6 0.9984 0.13  0.0
2020-05-01T00:18:42Z 135  5.0  14.8 87.6 0.9983 0.11  0.0
2020-05-01T00:19:42Z 124  6.6  14.8 87.8 0.9983 0.11  0.0
2020-05-01T00:20:42Z 125  7.2  14.8 88.0 0.9983 0.08  0.0
2020-05-01T00:21:42Z 121  7.6  14.8 88.1 0.9984 0.11  0.0
2020-05-01T00:22:42Z 133  7.3  14.8 88.2 0.9983 0.10  0.0
2020-05-01T00:23:42Z 087  2.3  14.8 88.3 0.9982 0.04  0.0
2020-05-01T00:24:42Z 143  2.2  14.8 88.3 0.9983 0.06  0.0
2020-05-01T00:25:42Z 085  6.3  14.8 88.4 0.9983 0.08  0.0
2020-05-01T00:26:42Z 133  4.2  14.8 88.5 0.9982 0.06  0.0
2020-05-01T00:27:42Z 113  3.6  14.8 88.5 0.9982 0.02  0.0
2020-05-01T00:28:42Z 133  5.1  14.8 88.5 0.9983 0.02  0.0
2020-05-01T00:29:42Z 137  3.3  14.8 88.5 0.9984 0.00  0.0
2020-05-01T00:30:42Z 131  3.5  14.8 88.6 0.9985 0.02  0.0
2020-05-01T00:31:42Z 173  4.0  14.8 88.5 0.9985 0.01  0.0
2020-05-01T00:32:42Z 173  6.3  14.8 88.6 0.9987 0.02  0.0
2020-05-01T00:33:42Z 210  4.8  14.8 88.6 0.9987 0.10  0.0
2020-05-01T00:34:42Z 176  6.2  14.8 88.7 0.9988 0.12  0.0
2020-05-01T00:35:42Z 191  4.8  14.8 88.7 0.9988 0.14  0.0
2020-05-01T00:36:42Z 155  4.8  14.7 88.8 0.9988 0.03  0.0
2020-05-01T00:37:42Z 109  3.9  14.7 88.9 0.9987 0.02  0.0
2020-05-01T00:38:42Z 135  4.7  14.7 89.0 0.9987 0.03  0.0
2020-05-01T00:39:42Z 148  3.1  14.7 89.0 0.9987 0.01  0.0
2020-05-01T00:40:42Z 146  5.1  14.7 89.1 0.9987 0.01  0.0
2020-05-01T00:41:42Z 152  2.8  14.7 89.2 0.9986 0.03  0.0
2020-05-01T00:42:42Z 108  6.7  14.7 89.2 0.9986 0.01  0.0
2020-05-01T00:43:42Z 160  5.4  14.7 89.3 0.9986 0.01  0.0
2020-05-01T00:44:42Z 130  7.8  14.7 89.3 0.9986 0.01  0.0
2020-05-01T00:45:42Z 181  9.7  14.7 89.3 0.9986 0.00  0.0
2020-05-01T00:46:42Z 162  5.6  14.7 89.3 0.9984 0.01  0.0
2020-05-01T00:47:42Z 124  3.1  14.7 89.4 0.9985 0.00  0.0
2020-05-01T00:48:42Z 113  2.4  14.7 89.4 0.9987 0.00  0.0
2020-05-01T00:49:42Z 139  3.9  14.8 89.4 0.9986 0.00  0.0
2020-05-01T00:50:42Z 130  3.2  14.8 89.4 0.9986 0.00  0.0
2020-05-01T00:51:42Z 139  4.9  14.8 89.4 0.9986 0.00  0.0
2020-05-01T00:52:42Z 134  8.9  14.8 89.5 0.9986 0.01  0.0
2020-05-01T00:53:42Z 179  3.4  14.8 89.5 0.9985 0.00  0.0
2020-05-01T00:54:42Z 192  1.8  14.8 89.5 0.9987 0.00  0.0
2020-05-01T00:55:42Z 112  2.3  14.8 89.5 0.9988 0.00  0.0
2020-05-01T00:56:42Z 177  4.4  14.8 89.5 0.9987 0.01  0.0
2020-05-01T00:57:42Z 159  3.7  14.8 89.5 0.9986 0.00  0.0
2020-05-01T00:58:42Z 141  1.9  14.8 89.5 0.9986 0.01  0.0
2020-05-01T00:59:42Z 090  2.9  14.9 89.5 0.9986 0.00  0.0
2020-05-01T01:00:42Z 097  1.9  14.9 89.5 0.9987 0.02  0.0
2020-05-01T01:01:42Z 110  3.8  14.9 89.5 0.9987 0.01  0.0
2020-05-01T01:02:42Z 134  3.5  14.9 89.5 0.9986 0.01  0.0
2020-05-01T01:03:42Z 110  2.6  14.9 89.5 0.9986 0.01  0.0
2020-05-01T01:04:42Z 129  3.4  14.9 89.5 0.9986 0.01  0.0
2020-05-01T01:05:42Z 173  3.1  14.9 89.5 0.9986 0.01  0.0
2020-05-01T01:06:42Z 114  4.2  14.9 89.5 0.9986 0.01  0.0
2020-05-01T01:07:42Z 123  5.6  15.0 89.5 0.9986 0.01  0.0
2020-05-01T01:08:42Z 116  3.2  15.0 89.4 0.9985 0.01  0.0
2020-05-01T01:09:42Z 142  3.7  15.0 89.4 0.9985 0.01  0.0
2020-05-01T01:10:42Z 130  8.8  15.0 89.4 0.9985 0.02  0.0
2020-05-01T01:11:42Z 160  0.8  15.0 89.3 0.9983 0.00  0.0
2020-05-01T01:12:42Z 102  4.4  15.0 89.3 0.9984 0.01  0.0
2020-05-01T01:13:42Z 148  2.9  15.0 89.3 0.9984 0.00  0.0
2020-05-01T01:14:42Z 089  2.5  15.0 89.2 0.9984 0.00  0.0
2020-05-01T01:15:42Z 144  5.0  15.1 89.2 0.9986 0.01  0.0
2020-05-01T01:16:42Z 127  1.5  15.1 89.1 0.9985 0.00  0.0
2020-05-01T01:17:42Z 156  3.4  15.1 89.0 0.9986 0.00  0.0
2020-05-01T01:18:42Z 115  2.9  15.1 89.0 0.9987 0.00  0.0
2020-05-01T01:19:42Z 125  6.7  15.1 88.9 0.9986 0.00  0.0
2020-05-01T01:20:42Z 142  6.1  15.1 88.9 0.9987 0.01  0.0
2020-05-01T01:21:42Z 135  8.6  15.1 88.8 0.9987 0.00  0.0
2020-05-01T01:22:42Z 117  3.7  15.1 88.7 0.9986 0.00  0.0
2020-05-01T01:23:42Z 105  4.9  15.1 88.6 0.9987 0.00  0.0
2020-05-01T01:24:42Z 101  3.7  15.1 88.5 0.9986 0.00  0.0
2020-05-01T01:25:42Z 094  6.2  15.1 88.4 0.9988 0.00  0.0
2020-05-01T01:26:42Z 164  1.6  15.1 88.3 0.9988 0.00  0.0
2020-05-01T01:27:42Z 132  1.9  15.1 88.2 0.9988 0.01  0.0
2020-05-01T01:28:42Z 109  3.7  15.1 88.1 0.9988 0.00  0.0
2020-05-01T01:29:42Z 140  4.2  15.1 88.0 0.9986 0.00  0.0
2020-05-01T01:30:42Z 141  3.1  15.1 87.8 0.9987 0.01  0.0
2020-05-01T01:31:42Z 113  5.7  15.1 87.8 0.9988 0.00  0.0
2020-05-01T01:32:42Z 172  2.3  15.1 87.7 0.9988 0.01  0.0
2020-05-01T01:33:42Z 119  5.2  15.1 87.6 0.9989 0.01  0.0
2020-05-01T01:34:42Z 132  6.9  15.1 87.5 0.9988 0.00  0.0
2020-05-01T01:35:42Z 121  4.6  15.1 87.4 0.9988 0.01  0.0
2020-05-01T01:36:42Z 151  5.0  15.1 87.2 0.9988 0.03  0.0
2020-05-01T01:37:42Z 168  4.4  15.1 86.9 0.9987 0.00  0.0
2020-05-01T01:38:42Z 128  4.3  15.1 86.8 0.9987 0.01  0.0
2020-05-01T01:39:42Z 122  3.2  15.1 86.7 0.9986 0.00  0.0
2020-05-01T01:40:42Z 074  0.9  15.1 86.7 0.9986 0.01  0.0
2020-05-01T01:41:42Z 137  4.7  15.1 86.7 0.9986 0.02  0.0
2020-05-01T01:42:42Z 120  7.4  15.1 86.5 0.9987 0.01  0.0
2020-05-01T01:43:42Z 107  5.8  15.1 86.4 0.9987 0.03  0.0
2020-05-01T01:44:42Z 129  3.2  15.1 86.4 0.9986 0.01  0.0
2020-05-01T01:45:42Z 113  3.9  15.1 86.4 0.9986 0.02  0.0
2020-05-01T01:46:42Z 126  3.4  15.1 86.4 0.9987 0.01  0.0
2020-05-01T01:47:42Z 126  3.3  15.1 86.5 0.9987 0.02  0.0
2020-05-01T01:48:42Z 132  6.2  15.1 86.6 0.9987 0.01  0.0
2020-05-01T01:49:42Z 123  2.2  15.0 86.3 0.9987 0.01  0.0
2020-05-01T01:50:42Z 142  3.1  15.0 86.4 0.9987 0.00  0.0
2020-05-01T01:51:42Z 130  3.8  15.0 86.4 0.9989 0.00  0.0
2020-05-01T01:52:42Z 116  2.7  15.0 86.5 0.9989 0.01  0.0
2020-05-01T01:53:42Z 162  2.0  15.0 86.6 0.9990 0.01  0.0
2020-05-01T01:54:42Z 126  2.2  15.0 86.6 0.9990 0.01  0.0
2020-05-01T01:55:42Z 118  5.5  14.9 86.7 0.9990 0.01  0.0
2020-05-01T01:56:42Z 159  3.8  14.9 86.3 0.9989 0.01  0.0
2020-05-01T01:57:42Z 128  5.4  14.9 86.4 0.9991 0.01  0.0
2020-05-01T01:58:42Z 138  5.6  14.9 86.5 0.9990 0.01  0.0
2020-05-01T01:59:42Z 144  4.5  14.9 86.4 0.9991 0.03  0.0
2020-05-01T02:00:42Z 166  6.6  14.9 86.5 0.9991 0.01  0.0
2020-05-01T02:01:42Z 099  1.4  14.8 86.5 0.9991 0.01  0.0
2020-05-01T02:02:42Z 121  3.6  14.8 86.7 0.9992 0.01  0.0
2020-05-01T02:03:42Z 140  3.7  14.8 86.7 0.9992 0.01  0.0
2020-05-01T02:04:42Z 091  0.8  14.8 86.7 0.9992 0.01  0.0
2020-05-01T02:05:42Z 138  2.3  14.8 86.8 0.9992 0.00  0.0
2020-05-01T02:06:42Z 129  4.5  14.8 86.9 0.9992 0.01  0.0
2020-05-01T02:07:42Z 138  2.8  14.8 87.0 0.9991 0.00  0.0
2020-05-01T02:08:42Z 136  5.6  14.8 87.0 0.9992 0.02  0.0
2020-05-01T02:09:42Z 158  1.6  14.7 87.0 0.9992 0.01  0.0
2020-05-01T02:10:42Z 133  6.9  14.7 87.2 0.9992 0.02  0.0
2020-05-01T02:11:42Z 119  6.0  14.7 87.2 0.9991 0.00  0.0
2020-05-01T02:12:42Z 110  2.3  14.7 87.1 0.9990 0.01  0.0
2020-05-01T02:13:42Z 108  1.9  14.7 87.2 0.9992 0.04  0.0
2020-05-01T02:14:42Z 145  1.9  14.7 87.2 0.9991 0.02  0.0
2020-05-01T02:15:42Z 107  2.9  14.7 87.2 0.9991 0.03  0.0
2020-05-01T02:16:42Z 134  3.0  14.7 87.3 0.9990 0.03  0.0
2020-05-01T02:17:42Z 108  3.7  14.7 87.4 0.9990 0.00  0.0
2020-05-01T02:18:42Z 101  3.9  14.7 87.4 0.9990 0.02  0.0
2020-05-01T02:19:42Z 156  3.3  14.7 87.2 0.9990 0.01  0.0
2020-05-01T02:20:42Z 121  5.8  14.7 87.2 0.9990 0.01  0.0
2020-05-01T02:21:42Z 150  5.3  14.6 87.0 0.9990 0.01  0.0
2020-05-01T02:22:42Z 148  4.0  14.6 86.9 0.9990 0.01  0.0
2020-05-01T02:23:42Z 115  6.9  14.6 86.9 0.9990 0.00  0.0
2020-05-01T02:24:42Z 137  4.9  14.6 86.8 0.9989 0.00  0.0
2020-05-01T02:25:42Z 093  3.4  14.6 86.8 0.9989 0.01  0.0
2020-05-01T02:26:42Z 107  3.6  14.6 86.9 0.9990 0.01  0.0
2020-05-01T02:27:42Z 122  2.5  14.6 87.0 0.9990 0.02  0.0
2020-05-01T02:28:42Z 121  5.2  14.5 86.9 0.9990 0.01  0.0
2020-05-01T02:29:42Z 140  4.5  14.5 86.9 0.9989 0.01  0.0
2020-05-01T02:30:42Z 103  3.3  14.5 86.9 0.9989 0.03  0.0
2020-05-01T02:31:42Z 131  2.0  14.5 87.0 0.9990 0.03  0.0
2020-05-01T02:32:42Z 106  4.8  14.5 87.0 0.9991 0.01  0.0
2020-05-01T02:33:42Z 134  2.8  14.4 87.1 0.9990 0.00  0.0
2020-05-01T02:34:42Z 146  3.5  14.4 87.1 0.9990 0.01  0.0
2020-05-01T02:35:42Z 202  0.5  14.4 87.1 0.9990 0.00  0.0
2020-05-01T02:36:42Z 119  2.3  14.4 87.2 0.9990 0.00  0.0
2020-05-01T02:37:42Z 138  4.2  14.4 87.3 0.9990 0.02  0.0
2020-05-01T02:38:42Z 136  3.1  14.4 87.2 0.9990 0.01  0.0
2020-05-01T02:39:42Z 135  3.2  14.4 87.3 0.9989 0.04  0.0
2020-05-01T02:40:42Z 139  2.2  14.4 87.4 0.9989 0.03  0.0
2020-05-01T02:41:42Z 156  1.1  14.4 87.5 0.9989 0.01  0.0
2020-05-01T02:42:42Z 109  3.6  14.4 87.5 0.9988 0.01  0.0
2020-05-01T02:43:42Z 118  2.7  14.3 87.5 0.9988 0.01  0.0
2020-05-01T02:44:42Z 121  3.1  14.3 87.6 0.9988 0.00  0.0
2020-05-01T02:45:42Z 130  5.4  14.3 87.5 0.9987 0.01  0.0
2020-05-01T02:46:42Z 109  4.6  14.3 87.6 0.9986 0.01  0.0
2020-05-01T02:47:42Z 121  3.5  14.3 87.6 0.9986 0.01  0.0
2020-05-01T02:48:42Z 097  4.6  14.3 87.7 0.9986 0.01  0.0
2020-05-01T02:49:42Z 144  2.4  14.3 87.8 0.9985 0.00  0.0
2020-05-01T02:50:42Z 104  2.8  14.3 87.8 0.9985 0.01  0.0
2020-05-01T02:51:42Z 126  4.7  14.3 87.8 0.9985 0.00  0.0
2020-05-01T02:52:42Z 093  2.9  14.3 87.8 0.9984 0.01  0.0
2020-05-01T02:53:42Z 109  2.7  14.3 87.8 0.9985 0.00  0.0
2020-05-01T02:54:42Z 111  4.8  14.3 87.9 0.9985 0.01  0.0
2020-05-01T02:55:42Z 121  4.3  14.3 87.9 0.9985 0.01  0.0
2020-05-01T02:56:42Z 116  3.6  14.3 87.9 0.9985 0.02  0.0
2020-05-01T02:57:42Z 099  3.1  14.3 88.0 0.9985 0.02  0.0
2020-05-01T02:58:42Z 109  2.6  14.3 87.9 0.9985 0.01  0.0
2020-05-01T02:59:42Z 115  4.0  14.3 87.9 0.9985 0.01  0.0
2020-05-01T03:00:42Z 120  2.2  14.3 87.9 0.9985 0.01  0.0
2020-05-01T03:01:42Z 127  2.6  14.3 88.0 0.9985 0.00  0.0
2020-05-01T03:02:42Z 108  2.9  14.3 88.0 0.9985 0.01  0.0
2020-05-01T03:03:42Z 124  4.7  14.4 88.0 0.9985 0.02  0.0
2020-05-01T03:04:42Z 133  3.5  14.4 88.0 0.9985 0.01  0.0
2020-05-01T03:05:42Z 147  1.6  14.4 88.0 0.9986 0.00  0.0
2020-05-01T03:06:42Z 044  0.7  14.4 88.0 0.9986 0.02  0.0
2020-05-01T03:07:42Z 118  3.9  14.4 88.0 0.9987 0.01  0.0
2020-05-01T03:08:42Z 105  2.9  14.4 88.0 0.9987 0.01  0.0
2020-05-01T03:09:42Z 108  3.0  14.4 88.0 0.9987 0.00  0.0
2020-05-01T03:10:42Z 122  4.8  14.4 88.0 0.9987 0.01  0.0
2020-05-01T03:11:42Z 153  4.8  14.4 88.0 0.9987 0.00  0.0
2020-05-01T03:12:42Z 107  3.0  14.4 88.0 0.9986 0.01  0.0
2020-05-01T03:13:42Z 185  4.6  14.4 88.0 0.9986 0.01  0.0
2020-05-01T03:14:42Z 132  4.1  14.4 88.0 0.9986 0.00  0.0
2020-05-01T03:15:42Z 135  4.2  14.4 88.0 0.9985 0.01  0.0
2020-05-01T03:16:42Z 118  2.5  14.4 88.0 0.9985 0.03  0.0
2020-05-01T03:17:42Z 134  2.6  14.4 88.0 0.9984 0.01  0.0
2020-05-01T03:18:42Z 108  3.6  14.4 88.0 0.9984 0.02  0.0
2020-05-01T03:19:42Z 138  4.6  14.4 88.0 0.9983 0.02  0.0
2020-05-01T03:20:42Z 089  2.9  14.5 88.0 0.9983 0.02  0.0
2020-05-01T03:21:42Z 133  4.0  14.5 88.0 0.9982 0.02  0.0
2020-05-01T03:22:42Z 114  4.3  14.5 88.0 0.9981 0.01  0.0
2020-05-01T03:23:42Z 115  1.2  14.5 88.0 0.9981 0.00  0.0
2020-05-01T03:24:42Z 107  4.0  14.5 88.0 0.9982 0.02  0.0
2020-05-01T03:25:42Z 131  4.1  14.5 88.0 0.9982 0.01  0.0
2020-05-01T03:26:42Z 144  3.5  14.5 88.0 0.9982 0.02  0.0
2020-05-01T03:27:42Z 113  1.4  14.5 87.8 0.9983 0.02  0.0
2020-05-01T03:28:42Z 144  1.8  14.5 87.8 0.9982 0.01  0.0
2020-05-01T03:29:42Z 113  1.5  14.5 87.8 0.9983 0.01  0.0
2020-05-01T03:30:42Z 225  2.3  14.5 87.9 0.9983 0.00  0.0
2020-05-01T03:31:42Z 150  1.9  14.5 87.9 0.9983 0.00  0.0
2020-05-01T03:32:42Z 154  2.4  14.5 87.9 0.9983 0.00  0.0
2020-05-01T03:33:42Z 175  2.4  14.5 87.8 0.9983 0.00  0.0
2020-05-01T03:34:42Z 123  1.3  14.5 87.8 0.9982 0.00  0.0
2020-05-01T03:35:42Z 147  1.7  14.5 87.9 0.9982 0.00  0.0
2020-05-01T03:36:42Z 135  1.8  14.5 87.9 0.9982 0.00  0.0
2020-05-01T03:37:42Z 110  1.5  14.5 87.9 0.9982 0.00  0.0
2020-05-01T03:38:42Z 152  2.1  14.5 87.9 0.9982 0.00  0.0
2020-05-01T03:39:42Z 197  1.7  14.5 87.9 0.9982 0.00  0.0
2020-05-01T03:40:42Z 151  1.2  14.4 87.9 0.9983 0.00  0.0
2020-05-01T03:41:42Z 186  2.9  14.5 88.0 0.9983 0.00  0.0
2020-05-01T03:42:42Z 139  1.7  14.5 87.9 0.9983 0.00  0.0
2020-05-01T03:43:42Z 194  3.8  14.5 87.9 0.9983 0.00  0.0
2020-05-01T03:44:42Z 173  3.4  14.4 87.8 0.9983 0.00  0.0
2020-05-01T03:45:42Z 160  3.3  14.4 87.8 0.9984 0.00  0.0
2020-05-01T03:46:42Z 189  5.0  14.4 88.0 0.9984 0.00  0.0
2020-05-01T03:47:42Z 185  4.2  14.4 87.9 0.9984 0.00  0.0
2020-05-01T03:48:42Z 178  3.5  14.4 88.0 0.9984 0.00  0.0
2020-05-01T03:49:42Z 198  4.0  14.4 88.1 0.9984 0.00  0.0
2020-05-01T03:50:42Z 170  2.1  14.5 88.0 0.9984 0.00  0.0
2020-05-01T03:51:42Z 127  1.5  14.5 88.1 0.9984 0.00  0.0
2020-05-01T03:52:42Z 126  1.7  14.5 88.0 0.9984 0.00  0.0
2020-05-01T03:53:42Z 192  2.5  14.4 88.0 0.9985 0.00  0.0
2020-05-01T03:54:42Z 138  2.2  14.4 87.9 0.9985 0.00  0.0
2020-05-01T03:55:42Z 136  3.9  14.4 87.9 0.9985 0.00  0.0
2020-05-01T03:56:42Z 149  0.8  14.4 88.0 0.9985 0.00  0.0
2020-05-01T03:57:42Z 125  2.3  14.4 88.0 0.9985 0.00  0.0
2020-05-01T03:58:42Z 114  1.6  14.4 88.1 0.9984 0.00  0.0
2020-05-01T03:59:42Z 114  1.8  14.4 88.1 0.9984 0.00  0.0
2020-05-01T04:00:42Z 106  1.3  14.4 88.0 0.9983 0.00  0.0
2020-05-01T04:01:42Z 155  2.9  14.4 88.0 0.9983 0.00  0.0
2020-05-01T04:02:42Z 142  1.4  14.4 88.0 0.9983 0.00  0.0
2020-05-01T04:03:42Z 139  3.5  14.4 88.0 0.9983 0.00  0.0
2020-05-01T04:04:42Z 155  1.1  14.4 88.0 0.9983 0.00  0.0
2020-05-01T04:05:42Z 130  4.6  14.4 88.1 0.9983 0.00  0.0
2020-05-01T04:06:42Z 114  1.4  14.4 88.0 0.9982 0.00  0.0
2020-05-01T04:07:42Z 134  2.1  14.4 87.9 0.9982 0.00  0.0
2020-05-01T04:08:42Z 129  3.7  14.4 87.9 0.9982 0.00  0.0
2020-05-01T04:09:42Z 122  2.2  14.4 87.9 0.9981 0.00  0.0
2020-05-01T04:10:42Z 147  2.7  14.4 87.8 0.9981 0.00  0.0
2020-05-01T04:11:42Z 126  3.1  14.4 87.8 0.9980 0.00  0.0
2020-05-01T04:12:42Z 105  3.7  14.4 87.8 0.9980 0.00  0.0
2020-05-01T04:13:42Z 126  2.4  14.4 87.7 0.9980 0.00  0.0
2020-05-01T04:14:42Z 124  4.0  14.4 87.6 0.9979 0.00  0.0
2020-05-01T04:15:42Z 112  1.4  14.4 87.6 0.9979 0.00  0.0
2020-05-01T04:16:42Z 106  3.8  14.4 87.6 0.9979 0.00  0.0
2020-05-01T04:17:42Z 134  2.5  14.4 87.5 0.9980 0.00  0.0
2020-05-01T04:18:42Z 106  0.8  14.4 87.5 0.9981 0.00  0.0
2020-05-01T04:19:42Z 133  2.0  14.4 87.5 0.9983 0.00  0.0
2020-05-01T04:20:42Z 163  3.4  14.5 87.5 0.9984 0.00  0.0
2020-05-01T04:21:42Z 170  2.7  14.5 87.4 0.9984 0.00  0.0
2020-05-01T04:22:42Z 151  2.6  14.4 87.4 0.9985 0.00  0.0
2020-05-01T04:23:42Z 158  2.8  14.4 87.5 0.9985 0.00  0.0
2020-05-01T04:24:42Z 149  3.2  14.4 87.5 0.9985 0.00  0.0
2020-05-01T04:25:42Z 106  2.8  14.4 87.5 0.9985 0.00  0.0
2020-05-01T04:26:42Z 086  0.9  14.4 87.6 0.9985 0.00  0.0
2020-05-01T04:27:42Z 141  1.6  14.4 87.6 0.9985 0.00  0.0
2020-05-01T04:28:42Z 130  3.3  14.4 87.6 0.9985 0.00  0.0
2020-05-01T04:29:42Z 151  2.5  14.4 87.6 0.9984 0.00  0.0
2020-05-01T04:30:42Z 134  2.4  14.4 87.6 0.9984 0.00  0.0
2020-05-01T04:31:42Z 130  2.9  14.4 87.5 0.9983 0.00  0.0
2020-05-01T04:32:42Z 199  1.2  14.4 87.7 0.9984 0.00  0.0
2020-05-01T04:33:42Z 147  4.1  14.4 87.7 0.9985 0.00  0.0
2020-05-01T04:34:42Z 154  3.4  14.4 87.6 0.9986 0.00  0.0
2020-05-01T04:35:42Z 188  3.1  14.4 87.6 0.9986 0.00  0.0
2020-05-01T04:36:42Z 171  3.0  14.4 87.6 0.9987 0.00  0.0
2020-05-01T04:37:42Z 145  2.3  14.4 87.7 0.9988 0.00  0.0
2020-05-01T04:38:42Z 176  2.9  14.4 87.7 0.9988 0.00  0.0
2020-05-01T04:39:42Z 163  2.8  14.4 87.7 0.9988 0.00  0.0
2020-05-01T04:40:42Z 160  3.0  14.4 87.8 0.9988 0.00  0.0
2020-05-01T04:41:42Z 179  0.4  14.4 87.8 0.9988 0.00  0.0
2020-05-01T04:42:42Z 146  2.4  14.4 87.9 0.9988 0.00  0.0
2020-05-01T04:43:42Z 154  2.6  14.4 87.9 0.9988 0.00  0.0
2020-05-01T04:44:42Z 154  0.9  14.4 87.8 0.9988 0.00  0.0
2020-05-01T04:45:42Z 126  1.2  14.4 87.8 0.9988 0.00  0.0
2020-05-01T04:46:42Z 159  4.8  14.4 87.8 0.9988 0.00  0.0
2020-05-01T04:47:42Z 163  4.1  14.4 87.8 0.9987 0.00  0.0
2020-05-01T04:48:42Z 125  2.3  14.4 87.6 0.9987 0.00  0.0
2020-05-01T04:49:42Z 145  3.1  14.4 87.6 0.9988 0.00  0.0
2020-05-01T04:50:42Z 119  3.7  14.4 87.5 0.9988 0.00  0.0
2020-05-01T04:51:42Z 163  1.2  14.4 87.5 0.9987 0.00  0.0
2020-05-01T04:52:42Z 155  1.1  14.4 87.5 0.9988 0.00  0.0
2020-05-01T04:53:42Z 187  1.7  14.4 87.5 0.9988 0.00  0.0
2020-05-01T04:54:42Z 180  3.1  14.4 87.4 0.9988 0.00  0.0
2020-05-01T04:55:42Z 151  3.6  14.4 87.4 0.9987 0.00  0.0
2020-05-01T04:56:42Z 082  3.0  14.4 87.4 0.9987 0.00  0.0
2020-05-01T04:57:42Z 119  2.2  14.4 87.4 0.9987 0.00  0.0
2020-05-01T04:58:42Z 125  3.5  14.4 87.4 0.9987 0.00  0.0
2020-05-01T04:59:42Z 135  1.6  14.4 87.4 0.9986 0.00  0.0
2020-05-01T05:00:42Z 135  2.6  14.4 87.4 0.9986 0.00  0.0
2020-05-01T05:01:42Z 127  3.9  14.4 87.4 0.9985 0.00  0.0
2020-05-01T05:02:42Z 134  2.5  14.4 87.4 0.9986 0.00  0.0
2020-05-01T05:03:42Z 155  2.8  14.4 87.4 0.9986 0.00  0.0
2020-05-01T05:04:42Z 158  3.1  14.4 87.4 0.9985 0.00  0.0
2020-05-01T05:05:42Z 123  1.8  14.4 87.4 0.9985 0.00  0.0
2020-05-01T05:06:42Z 130  2.5  14.4 87.4 0.9985 0.00  0.0
2020-05-01T05:07:42Z 140  1.7  14.4 87.5 0.9985 0.00  0.0
2020-05-01T05:08:42Z 102  0.7  14.4 87.6 0.9985 0.00  0.0
2020-05-01T05:09:42Z 104  0.8  14.4 87.6 0.9985 0.00  0.0
2020-05-01T05:10:42Z 165  2.2  14.4 87.6 0.9984 0.00  0.0
2020-05-01T05:11:42Z 127  2.6  14.4 87.6 0.9983 0.00  0.0
2020-05-01T05:12:42Z 130  2.0  14.4 87.6 0.9983 0.00  0.0
2020-05-01T05:13:42Z 125  0.9  14.4 87.6 0.9983 0.00  0.0
2020-05-01T05:14:42Z 128  1.5  14.4 87.5 0.9983 0.00  0.0
2020-05-01T05:15:42Z 156  4.0  14.4 87.6 0.9982 0.00  0.0
2020-05-01T05:16:42Z 134  0.6  14.3 87.6 0.9982 0.00  0.0
2020-05-01T05:17:42Z 096  4.0  14.3 87.7 0.9981 0.00  0.0
2020-05-01T05:18:42Z 124  5.5  14.3 87.8 0.9980 0.00  0.0
2020-05-01T05:19:42Z 125  1.6  14.3 87.8 0.9979 0.00  0.0
2020-05-01T05:20:42Z 126  2.1  14.3 87.8 0.9979 0.00  0.0
2020-05-01T05:21:42Z 115  1.6  14.3 87.8 0.9979 0.00  0.0
2020-05-01T05:22:42Z 128  3.3  14.4 87.8 0.9978 0.00  0.0
2020-05-01T05:23:42Z 135  3.2  14.4 87.7 0.9978 0.00  0.0
2020-05-01T05:24:42Z 103  0.7  14.4 87.7 0.9977 0.00  0.0
2020-05-01T05:25:42Z 127  3.1  14.4 87.7 0.9977 0.00  0.0
2020-05-01T05:26:42Z 116  1.8  14.4 87.7 0.9977 0.00  0.0
2020-05-01T05:27:42Z 108  3.7  14.4 87.7 0.9977 0.00  0.0
2020-05-01T05:28:42Z 104  1.8  14.4 87.6 0.9977 0.00  0.0
2020-05-01T05:29:42Z 135  0.6  14.4 87.7 0.9977 0.00  0.0
2020-05-01T05:30:42Z 131  1.8  14.4 87.7 0.9977 0.00  0.0
2020-05-01T05:31:42Z 116  3.5  14.4 87.7 0.9977 0.00  0.0
2020-05-01T05:32:42Z 155  1.4  14.4 87.6 0.9976 0.00  0.0
2020-05-01T05:33:42Z 084  1.2  14.4 87.6 0.9976 0.00  0.0
2020-05-01T05:34:42Z 143  2.8  14.4 87.7 0.9976 0.00  0.0
2020-05-01T05:35:42Z 139  3.5  14.4 87.8 0.9977 0.00  0.0
2020-05-01T05:36:42Z 140  4.2  14.4 87.7 0.9978 0.00  0.0
2020-05-01T05:37:42Z 173  3.5  14.4 87.8 0.9978 0.00  0.0
2020-05-01T05:38:42Z 125  2.2  14.4 87.8 0.9977 0.00  0.0
2020-05-01T05:39:42Z 127  2.1  14.3 87.9 0.9977 0.00  0.0
2020-05-01T05:40:42Z 116  0.9  14.3 87.9 0.9977 0.00  0.0
2020-05-01T05:41:42Z 117  1.4  14.3 88.0 0.9977 0.00  0.0
2020-05-01T05:42:42Z 133  2.4  14.3 88.1 0.9977 0.00  0.0
2020-05-01T05:43:42Z 133  0.9  14.3 88.1 0.9977 0.00  0.0
2020-05-01T05:44:42Z 167  2.0  14.3 88.2 0.9977 0.00  0.0
2020-05-01T05:45:42Z 169  0.8  14.3 88.3 0.9977 0.00  0.0
2020-05-01T05:46:42Z 139  1.8  14.3 88.3 0.9977 0.00  0.0
2020-05-01T05:47:42Z 136  1.7  14.3 88.3 0.9976 0.00  0.0
2020-05-01T05:48:42Z 222  3.0  14.3 88.4 0.9977 0.00  0.0
2020-05-01T05:49:42Z 158  2.3  14.3 88.4 0.9977 0.00  0.0
2020-05-01T05:50:42Z 216  2.6  14.3 88.5 0.9977 0.00  0.0
2020-05-01T05:51:42Z 127  0.9  14.3 88.5 0.9977 0.00  0.0
2020-05-01T05:52:42Z 162  1.0  14.3 88.6 0.9977 0.00  0.0
2020-05-01T05:53:42Z 187  2.5  14.3 88.7 0.9977 0.00  0.0
2020-05-01T05:54:42Z 140  3.5  14.3 88.6 0.9976 0.00  0.0
2020-05-01T05:55:42Z 129  1.9  14.3 88.6 0.9975 0.00  0.0
2020-05-01T05:56:42Z 180  2.5  14.3 88.7 0.9975 0.01  0.0
2020-05-01T05:57:42Z 131  1.4  14.3 88.7 0.9975 0.04  0.0
2020-05-01T05:58:42Z 139  1.7  14.3 88.8 0.9974 0.01  0.0
2020-05-01T05:59:42Z 085  0.8  14.3 88.9 0.9973 0.01  0.0
2020-05-01T06:00:42Z 143  1.1  14.3 88.9 0.9972 0.00  0.0
2020-05-01T06:01:42Z 128  2.6  14.3 88.9 0.9971 0.00  0.0
2020-05-01T06:02:42Z 147  1.1  14.3 88.9 0.9971 0.00  0.0
2020-05-01T06:03:42Z 136  1.5  14.3 88.9 0.9971 0.00  0.0
2020-05-01T06:04:42Z 215  1.9  14.3 88.9 0.9972 0.00  0.0
2020-05-01T06:05:42Z 091  0.3  14.3 88.9 0.9971 0.00  0.0
2020-05-01T06:06:42Z 187  1.5  14.3 88.9 0.9971 0.00  0.0
2020-05-01T06:07:42Z 131  0.7  14.3 88.8 0.9971 0.00  0.0
2020-05-01T06:08:42Z 149  2.0  14.3 88.9 0.9971 0.00  0.0
2020-05-01T06:09:42Z 129  0.9  14.3 88.9 0.9971 0.00  0.0
2020-05-01T06:10:42Z 133  1.6  14.3 88.9 0.9971 0.00  0.0
2020-05-01T06:11:42Z 119  1.4  14.3 88.9 0.9971 0.00  0.0
2020-05-01T06:12:42Z 126  1.4  14.3 88.9 0.9972 0.00  0.0
2020-05-01T06:13:42Z 108  0.6  14.3 88.9 0.9972 0.00  0.0
2020-05-01T06:14:42Z 146  0.9  14.3 88.9 0.9971 0.00  0.0
2020-05-01T06:15:42Z 119  1.3  14.3 88.9 0.9971 0.00  0.0
2020-05-01T06:16:42Z 135  1.1  14.3 89.0 0.9971 0.00  0.0
2020-05-01T06:17:42Z 148  0.9  14.3 89.0 0.9972 0.00  0.0
2020-05-01T06:18:42Z 155  1.2  14.3 89.0 0.9973 0.00  0.0
2020-05-01T06:19:42Z 125  1.7  14.3 89.0 0.9973 0.00  0.0
2020-05-01T06:20:42Z 129  1.8  14.3 89.0 0.9972 0.00  0.0
2020-05-01T06:21:42Z 121  1.8  14.3 89.0 0.9972 0.00  0.0
2020-05-01T06:22:42Z 103  1.4  14.3 89.0 0.9972 0.00  0.0
2020-05-01T06:23:42Z 128  1.6  14.3 89.0 0.9972 0.00  0.0
2020-05-01T06:24:42Z 107  1.8  14.3 88.9 0.9970 0.00  0.0
2020-05-01T06:25:42Z 107  0.8  14.3 88.9 0.9969 0.00  0.0
2020-05-01T06:26:42Z 148  1.0  14.3 89.0 0.9968 0.00  0.0
2020-05-01T06:27:42Z 119  0.8  14.3 89.0 0.9970 0.00  0.0
2020-05-01T06:28:42Z 136  0.4  14.3 89.1 0.9971 0.00  0.0
2020-05-01T06:29:42Z 053  0.3  14.3 89.1 0.9972 0.00  0.0
2020-05-01T06:30:42Z 117  1.3  14.3 89.1 0.9971 0.00  0.0
2020-05-01T06:31:42Z 097  1.9  14.4 89.1 0.9971 0.00  0.0
2020-05-01T06:32:42Z 123  2.0  14.4 89.0 0.9972 0.00  0.0
2020-05-01T06:33:42Z 125  2.8  14.3 89.0 0.9973 0.00  0.0
2020-05-01T06:34:42Z 119  1.7  14.3 89.0 0.9972 0.00  0.0
2020-05-01T06:35:42Z 096  2.6  14.3 89.0 0.9972 0.00  0.0
2020-05-01T06:36:42Z 108  2.2  14.3 89.0 0.9971 0.00  0.0
2020-05-01T06:37:42Z 117  2.1  14.3 89.0 0.9972 0.00  0.0
2020-05-01T06:38:42Z 113  0.7  14.3 89.0 0.9973 0.00  0.0
2020-05-01T06:39:42Z 126  2.7  14.3 89.1 0.9974 0.00  0.0
2020-05-01T06:40:42Z 119  2.2  14.3 89.1 0.9975 0.00  0.0
2020-05-01T06:41:42Z 130  0.5  14.3 89.0 0.9975 0.00  0.0
2020-05-01T06:42:42Z 127  2.5  14.3 89.1 0.9975 0.00  0.0
2020-05-01T06:43:42Z 100  0.8  14.3 89.0 0.9975 0.00  0.0
2020-05-01T06:44:42Z 118  1.1  14.3 89.1 0.9975 0.00  0.0
2020-05-01T06:45:42Z 107  2.9  14.3 89.1 0.9975 0.00  0.0
2020-05-01T06:46:42Z 137  1.4  14.3 89.0 0.9975 0.00  0.0
2020-05-01T06:47:42Z 079  1.3  14.3 89.0 0.9975 0.00  0.0
2020-05-01T06:48:42Z 124  1.9  14.3 89.1 0.9974 0.00  0.0
2020-05-01T06:49:42Z 130  1.3  14.3 89.1 0.9974 0.00  0.0
2020-05-01T06:50:42Z 130  1.9  14.3 89.0 0.9973 0.00  0.0
2020-05-01T06:51:42Z 093  0.5  14.3 89.0 0.9972 0.00  0.0
2020-05-01T06:52:42Z 102  1.8  14.3 89.0 0.9972 0.00  0.0
2020-05-01T06:53:42Z 116  1.6  14.3 89.1 0.9971 0.00  0.0
2020-05-01T06:54:42Z 102  3.1  14.3 89.1 0.9971 0.00  0.0
2020-05-01T06:55:42Z 025  2.6  14.2 89.0 0.9972 0.00  0.0
2020-05-01T06:56:42Z 098  2.8  14.1 89.0 0.9972 0.00  0.0
2020-05-01T06:57:42Z 107  2.2  14.2 88.9 0.9971 0.00  0.0
2020-05-01T06:58:42Z 064  0.6  14.2 89.0 0.9970 0.00  0.0
2020-05-01T06:59:42Z 104  3.5  14.2 89.1 0.9970 0.00  0.0
2020-05-01T07:00:42Z 103  1.4  14.2 89.1 0.9970 0.00  0.0
2020-05-01T07:01:42Z 111  3.3  14.2 89.1 0.9969 0.00  0.0
2020-05-01T07:02:42Z 128  3.2  14.2 89.0 0.9968 0.00  0.0
2020-05-01T07:03:42Z 099  1.8  14.1 88.9 0.9967 0.00  0.0
2020-05-01T07:04:42Z 093  1.5  14.1 89.0 0.9967 0.00  0.0
2020-05-01T07:05:42Z 075  2.1  14.1 89.0 0.9966 0.00  0.0
2020-05-01T07:06:42Z 094  2.0  14.1 89.0 0.9966 0.00  0.0
2020-05-01T07:07:42Z 123  1.2  14.1 89.0 0.9967 0.01  0.0
2020-05-01T07:08:42Z 085  0.6  14.1 89.1 0.9967 0.00  0.0
2020-05-01T07:09:42Z 110  1.7  14.1 89.2 0.9967 0.00  0.0
2020-05-01T07:10:42Z 105  1.8  14.1 89.1 0.9967 0.00  0.0
2020-05-01T07:11:42Z 129  2.7  14.1 89.1 0.9968 0.00  0.0
2020-05-01T07:12:42Z 127  2.9  14.1 89.1 0.9969 0.00  0.0
2020-05-01T07:13:42Z 079  2.6  14.1 89.1 0.9969 0.00  0.0
2020-05-01T07:14:42Z 092  2.3  14.1 89.1 0.9969 0.00  0.0
2020-05-01T07:15:42Z 117  1.7  14.1 89.1 0.9968 0.00  0.0
2020-05-01T07:16:42Z 091  0.7  14.1 89.1 0.9969 0.00  0.0
2020-05-01T07:17:42Z 127  1.0  14.1 89.1 0.9969 0.00  0.0
2020-05-01T07:18:42Z 128  1.4  14.1 89.2 0.9969 0.00  0.0
2020-05-01T07:19:42Z 090  2.0  14.1 89.2 0.9969 0.00  0.0
2020-05-01T07:20:42Z 109  3.0  14.1 89.1 0.9970 0.00  0.0
2020-05-01T07:21:42Z 120  1.3  14.1 89.0 0.9970 0.00  0.0
2020-05-01T07:22:42Z 125  2.8  14.1 89.0 0.9970 0.00  0.0
2020-05-01T07:23:42Z 124  2.3  14.1 89.0 0.9969 0.00  0.0
2020-05-01T07:24:42Z 100  1.7  14.0 89.0 0.9969 0.00  0.0
2020-05-01T07:25:42Z 089  1.0  14.0 89.0 0.9968 0.00  0.0
2020-05-01T07:26:42Z 118  0.5  14.0 89.1 0.9968 0.00  0.0
2020-05-01T07:27:42Z 097  1.7  14.1 89.1 0.9967 0.00  0.0
2020-05-01T07:28:42Z 136  0.8  14.1 89.1 0.9967 0.00  0.0
2020-05-01T07:29:42Z 087  0.9  14.1 89.2 0.9968 0.00  0.0
2020-05-01T07:30:42Z 101  3.5  14.1 89.1 0.9969 0.00  0.0
2020-05-01T07:31:42Z 085  0.7  14.1 89.1 0.9969 0.00  0.0
2020-05-01T07:32:42Z 113  2.0  14.0 89.0 0.9968 0.00  0.0
2020-05-01T07:33:42Z 117  1.8  13.9 89.0 0.9967 0.00  0.0
2020-05-01T07:34:42Z 125  0.8  13.9 89.0 0.9967 0.00  0.0
2020-05-01T07:35:42Z 092  1.9  13.9 89.0 0.9968 0.00  0.0
2020-05-01T07:36:42Z 119  0.9  13.9 89.0 0.9968 0.00  0.0
2020-05-01T07:37:42Z 133  2.4  14.0 89.1 0.9967 0.00  0.0
2020-05-01T07:38:42Z 106  2.1  14.0 89.0 0.9966 0.00  0.0
2020-05-01T07:39:42Z 079  1.2  14.0 89.0 0.9966 0.00  0.0
2020-05-01T07:40:42Z 120  1.8  14.0 89.0 0.9965 0.00  0.0
2020-05-01T07:41:42Z 097  3.2  14.0 89.1 0.9964 0.00  0.0
2020-05-01T07:42:42Z 039  1.0  14.0 89.1 0.9963 0.00  0.0
2020-05-01T07:43:42Z 149  1.2  14.0 89.2 0.9963 0.00  0.0
2020-05-01T07:44:42Z 104  2.2  14.0 89.2 0.9962 0.00  0.0
2020-05-01T07:45:42Z 094  2.3  14.0 89.2 0.9962 0.00  0.0
2020-05-01T07:46:42Z 099  1.8  14.0 89.2 0.9962 0.00  0.0
2020-05-01T07:47:42Z 106  1.8  14.0 89.2 0.9962 0.00  0.0
2020-05-01T07:48:42Z 155  0.6  13.9 89.2 0.9962 0.00  0.0
2020-05-01T07:49:42Z 105  2.5  13.9 89.2 0.9962 0.00  0.0
2020-05-01T07:50:42Z 129  0.7  13.9 89.2 0.9962 0.00  0.0
2020-05-01T07:51:42Z 086  0.5  13.9 89.3 0.9963 0.00  0.0
2020-05-01T07:52:42Z 106  1.2  13.9 89.4 0.9963 0.00  0.0
2020-05-01T07:53:42Z 129  1.0  14.0 89.4 0.9963 0.00  0.0
2020-05-01T07:54:42Z 095  1.5  14.0 89.4 0.9963 0.00  0.0
2020-05-01T07:55:42Z 125  1.6  14.0 89.4 0.9964 0.00  0.0
2020-05-01T07:56:42Z 115  1.6  14.0 89.4 0.9964 0.00  0.0
2020-05-01T07:57:42Z 089  0.5  13.9 89.2 0.9963 0.00  0.0
2020-05-01T07:58:42Z 117  0.6  13.9 89.3 0.9963 0.00  0.0
2020-05-01T07:59:42Z 168  1.2  13.9 89.3 0.9962 0.00  0.0
2020-05-01T08:00:42Z 113  2.2  13.9 89.3 0.9961 0.00  0.0
2020-05-01T08:01:42Z 082  1.3  13.9 89.2 0.9960 0.00  0.0
2020-05-01T08:02:42Z 127  0.6  13.8 89.1 0.9959 0.00  0.0
2020-05-01T08:03:42Z 091  1.7  13.8 89.2 0.9958 0.00  0.0
2020-05-01T08:04:42Z 110  1.6  13.9 89.2 0.9959 0.00  0.0
2020-05-01T08:05:42Z 133  1.5  13.8 89.2 0.9959 0.00  0.0
2020-05-01T08:06:42Z 125  2.9  13.8 89.2 0.9959 0.00  0.0
2020-05-01T08:07:42Z 127  2.6  13.9 89.2 0.9959 0.00  0.0
2020-05-01T08:08:42Z 097  4.0  13.8 89.2 0.9959 0.00  0.0
2020-05-01T08:09:42Z 105  1.9  13.8 89.1 0.9959 0.00  0.0
2020-05-01T08:10:42Z 128  1.0  13.8 89.1 0.9959 0.00  0.0
2020-05-01T08:11:42Z 103  1.6  13.8 89.2 0.9959 0.00  0.0
2020-05-01T08:12:42Z 121  2.6  13.8 89.2 0.9959 0.00  0.0
2020-05-01T08:13:42Z 145  0.7  13.8 89.2 0.9960 0.00  0.0
2020-05-01T08:14:42Z 123  1.7  13.8 89.2 0.9960 0.00  0.0
2020-05-01T08:15:42Z 076  0.4  13.9 89.2 0.9960 0.00  0.0
2020-05-01T08:16:42Z 134  1.6  13.9 89.2 0.9961 0.00  0.0
2020-05-01T08:17:42Z 103  0.8  13.8 89.1 0.9961 0.00  0.0
2020-05-01T08:18:42Z 085  1.8  13.8 89.1 0.9962 0.00  0.0
2020-05-01T08:19:42Z 130  2.3  13.9 89.1 0.9962 0.00  0.0
2020-05-01T08:20:42Z 123  2.3  13.8 89.1 0.9962 0.00  0.0
2020-05-01T08:21:42Z 112  1.6  13.8 89.0 0.9962 0.00  0.0
2020-05-01T08:22:42Z 111  1.6  13.8 89.0 0.9961 0.00  0.0
2020-05-01T08:23:42Z 112  1.4  13.8 89.0 0.9961 0.00  0.0
2020-05-01T08:24:42Z 094  1.7  13.8 89.1 0.9962 0.00  0.0
2020-05-01T08:25:42Z 058  2.2  13.7 89.1 0.9962 0.00  0.0
2020-05-01T08:26:42Z 073  2.5  13.8 89.0 0.9962 0.00  0.0
2020-05-01T08:27:42Z 070  1.4  13.8 89.1 0.9961 0.00  0.0
2020-05-01T08:28:42Z 082  1.9  13.7 89.1 0.9961 0.00  0.0
2020-05-01T08:29:42Z 074  1.1  13.7 89.1 0.9960 0.00  0.0
2020-05-01T08:30:42Z 102  1.4  13.7 89.1 0.9960 0.00  0.0
2020-05-01T08:31:42Z 089  2.6  13.8 89.2 0.9960 0.00  0.0
2020-05-01T08:32:42Z 092  1.0  13.8 89.1 0.9960 0.00  0.0
2020-05-01T08:33:42Z 175  1.5  13.7 89.0 0.9960 0.00  0.0
2020-05-01T08:34:42Z 114  1.6  13.7 89.1 0.9960 0.00  0.0
2020-05-01T08:35:42Z 080  0.7  13.8 89.1 0.9960 0.00  0.0
2020-05-01T08:36:42Z 089  1.6  13.7 89.0 0.9961 0.00  0.0
2020-05-01T08:37:42Z 145  1.3  13.7 89.1 0.9961 0.00  0.0
2020-05-01T08:38:42Z 142  1.8  13.7 89.1 0.9961 0.00  0.0
2020-05-01T08:39:42Z 111  2.8  13.7 89.0 0.9961 0.00  0.0
2020-05-01T08:40:42Z 131  2.2  13.7 89.0 0.9961 0.00  0.0
2020-05-01T08:41:42Z 115  1.4  13.7 89.1 0.9960 0.00  0.0
2020-05-01T08:42:42Z 117  1.3  13.7 89.1 0.9960 0.00  0.0
2020-05-01T08:43:42Z 115  1.8  13.7 89.1 0.9959 0.00  0.0
2020-05-01T08:44:42Z 122  2.1  13.7 89.1 0.9959 0.00  0.0
2020-05-01T08:45:42Z 104  2.5  13.7 89.1 0.9959 0.00  0.0
2020-05-01T08:46:42Z 115  2.2  13.7 89.0 0.9959 0.00  0.0
2020-05-01T08:47:42Z 085  2.4  13.6 89.0 0.9959 0.00  0.0
2020-05-01T08:48:42Z 131  1.8  13.6 89.1 0.9959 0.00  0.0
2020-05-01T08:49:42Z 151  0.9  13.7 89.1 0.9959 0.00  0.0
2020-05-01T08:50:42Z 088  2.7  13.7 89.1 0.9960 0.00  0.0
2020-05-01T08:51:42Z 090  1.7  13.7 89.1 0.9960 0.00  0.0
2020-05-01T08:52:42Z 140  2.2  13.7 89.1 0.9961 0.00  0.0
2020-05-01T08:53:42Z 126  2.9  13.7 89.1 0.9961 0.00  0.0
2020-05-01T08:54:42Z 129  3.0  13.7 89.0 0.9961 0.00  0.0
2020-05-01T08:55:42Z 128  3.5  13.7 89.0 0.9961 0.00  0.0
2020-05-01T08:56:42Z 128  2.0  13.7 89.0 0.9961 0.00  0.0
2020-05-01T08:57:42Z 122  1.9  13.7 89.1 0.9961 0.00  0.0
2020-05-01T08:58:42Z 118  1.7  13.7 89.2 0.9961 0.00  0.0
2020-05-01T08:59:42Z 127  1.6  13.7 89.1 0.9961 0.00  0.0
2020-05-01T09:00:42Z 149  1.9  13.7 89.2 0.9961 0.00  0.0
2020-05-01T09:01:42Z 111  0.3  13.7 89.1 0.9961 0.01  0.0
2020-05-01T09:02:42Z 131  2.0  13.7 89.2 0.9961 0.00  0.0
2020-05-01T09:03:42Z 182  1.3  13.7 89.2 0.9960 0.00  0.0
2020-05-01T09:04:42Z 095  0.5  13.7 89.2 0.9960 0.00  0.0
2020-05-01T09:05:42Z 126  1.0  13.7 89.3 0.9960 0.00  0.0
2020-05-01T09:06:42Z 111  1.4  13.7 89.2 0.9960 0.00  0.0
2020-05-01T09:07:42Z 129  2.6  13.7 89.2 0.9960 0.00  0.0
2020-05-01T09:08:42Z 132  1.5  13.7 89.1 0.9960 0.00  0.0
2020-05-01T09:09:42Z 112  1.5  13.7 89.1 0.9960 0.00  0.0
2020-05-01T09:10:42Z 124  2.7  13.7 89.2 0.9960 0.00  0.0
2020-05-01T09:11:42Z 109  0.8  13.7 89.1 0.9960 0.00  0.0
2020-05-01T09:12:42Z 091  2.7  13.7 89.1 0.9959 0.00  0.0
2020-05-01T09:13:42Z 109  1.2  13.7 89.1 0.9959 0.00  0.0
2020-05-01T09:14:42Z 113  2.6  13.7 89.2 0.9960 0.00  0.0
2020-05-01T09:15:42Z 094  1.0  13.7 89.1 0.9960 0.00  0.0
2020-05-01T09:16:42Z 120  2.6  13.7 89.1 0.9961 0.00  0.0
2020-05-01T09:17:42Z 120  2.3  13.7 89.1 0.9961 0.00  0.0
2020-05-01T09:18:42Z 126  1.7  13.7 89.1 0.9961 0.00  0.0
2020-05-01T09:19:42Z 103  0.8  13.7 89.2 0.9961 0.00  0.0
2020-05-01T09:20:42Z 103  2.0  13.7 89.1 0.9960 0.00  0.0
2020-05-01T09:21:42Z 095  4.0  13.6 89.1 0.9960 0.00  0.0
2020-05-01T09:22:42Z 134  3.7  13.6 89.1 0.9961 0.00  0.0
2020-05-01T09:23:42Z 099  0.7  13.6 89.0 0.9961 0.00  0.0
2020-05-01T09:24:42Z 123  1.9  13.6 89.1 0.9961 0.00  0.0
2020-05-01T09:25:42Z 120  2.4  13.7 89.2 0.9962 0.00  0.0
2020-05-01T09:26:42Z 125  2.2  13.7 89.2 0.9962 0.00  0.0
2020-05-01T09:27:42Z 125  1.5  13.6 89.1 0.9962 0.00  0.0
2020-05-01T09:28:42Z 119  3.6  13.6 89.1 0.9962 0.00  0.0
2020-05-01T09:29:42Z 152  2.2  13.6 89.2 0.9962 0.00  0.0
2020-05-01T09:30:42Z 113  2.0  13.6 89.2 0.9963 0.00  0.0
2020-05-01T09:31:42Z 129  0.9  13.6 89.2 0.9964 0.00  0.0
2020-05-01T09:32:42Z 126  1.7  13.6 89.2 0.9964 0.00  0.0
2020-05-01T09:33:42Z 139  1.7  13.6 89.3 0.9964 0.00  0.0
2020-05-01T09:34:42Z 146  0.8  13.6 89.3 0.9964 0.00  0.0
2020-05-01T09:35:42Z 117  2.3  13.6 89.3 0.9964 0.00  0.0
2020-05-01T09:36:42Z 112  0.7  13.6 89.3 0.9963 0.00  0.0
2020-05-01T09:37:42Z 121  2.7  13.6 89.3 0.9963 0.00  0.0
2020-05-01T09:38:42Z 126  1.1  13.6 89.3 0.9962 0.00  0.0
2020-05-01T09:39:42Z 125  2.9  13.6 89.3 0.9962 0.00  0.0
2020-05-01T09:40:42Z 128  1.5  13.6 89.3 0.9962 0.00  0.0
2020-05-01T09:41:42Z 154  1.3  13.6 89.3 0.9963 0.00  0.0
2020-05-01T09:42:42Z 153  2.8  13.6 89.3 0.9963 0.00  0.0
2020-05-01T09:43:42Z 144  2.2  13.6 89.2 0.9962 0.00  0.0
2020-05-01T09:44:42Z 118  2.0  13.6 89.2 0.9961 0.00  0.0
2020-05-01T09:45:42Z 170  1.2  13.6 89.2 0.9960 0.00  0.0
2020-05-01T09:46:42Z 142  1.0  13.5 89.3 0.9960 0.00  0.0
2020-05-01T09:47:42Z 178  1.7  13.6 89.3 0.9960 0.00  0.0
2020-05-01T09:48:42Z 137  1.1  13.6 89.3 0.9960 0.00  0.0
2020-05-01T09:49:42Z 001  0.4  13.6 89.4 0.9960 0.00  0.0
2020-05-01T09:50:42Z 146  2.3  13.6 89.4 0.9961 0.00  0.0
2020-05-01T09:51:42Z 065  0.9  13.6 89.3 0.9961 0.00  0.0
2020-05-01T09:52:42Z 119  2.6  13.6 89.3 0.9961 0.00  0.0
2020-05-01T09:53:42Z 095  2.3  13.5 89.3 0.9961 0.00  0.0
2020-05-01T09:54:42Z 070  2.5  13.5 89.3 0.9961 0.00  0.0
2020-05-01T09:55:42Z 109  3.9  13.4 89.2 0.9961 0.00  0.0
2020-05-01T09:56:42Z 101  3.1  13.4 89.3 0.9960 0.00  0.0
2020-05-01T09:57:42Z 097  3.1  13.5 89.2 0.9960 0.00  0.0
2020-05-01T09:58:42Z 102  2.0  13.5 89.3 0.9960 0.00  0.0
2020-05-01T09:59:42Z 081  2.7  13.5 89.3 0.9960 0.00  0.0
2020-05-01T10:00:42Z 054  2.2  13.5 89.4 0.9961 0.00  0.0
2020-05-01T10:01:42Z 079  2.0  13.5 89.4 0.9961 0.00  0.0
2020-05-01T10:02:42Z 073  0.5  13.5 89.4 0.9962 0.00  0.0
2020-05-01T10:03:42Z 110  0.3  13.5 89.4 0.9962 0.00  0.0
2020-05-01T10:04:42Z 111  3.0  13.5 89.4 0.9962 0.00  0.0
2020-05-01T10:05:42Z 085  2.4  13.5 89.3 0.9962 0.00  0.0
2020-05-01T10:06:42Z 101  0.5  13.5 89.2 0.9962 0.00  0.0
2020-05-01T10:07:42Z 108  1.4  13.5 89.2 0.9962 0.00  0.0
2020-05-01T10:08:42Z 103  2.4  13.5 89.3 0.9962 0.00  0.0
2020-05-01T10:09:42Z 140  1.1  13.5 89.2 0.9962 0.00  0.0
2020-05-01T10:10:42Z 082  2.0  13.5 89.2 0.9962 0.00  0.0
2020-05-01T10:11:42Z 074  2.6  13.5 89.2 0.9962 0.00  0.0
2020-05-01T10:12:42Z 153  1.1  13.5 89.3 0.9963 0.00  0.0
2020-05-01T10:13:42Z 096  2.9  13.5 89.1 0.9963 0.00  0.0
2020-05-01T10:14:42Z 124  2.6  13.5 89.1 0.9963 0.00  0.0
2020-05-01T10:15:42Z 106  1.4  13.4 89.0 0.9963 0.00  0.0
2020-05-01T10:16:42Z 126  2.1  13.5 89.1 0.9964 0.00  0.0
2020-05-01T10:17:42Z 139  2.8  13.5 89.1 0.9964 0.00  0.0
2020-05-01T10:18:42Z 147  0.4  13.5 89.1 0.9964 0.00  0.0
2020-05-01T10:19:42Z 157  0.3  13.5 89.1 0.9963 0.00  0.0
2020-05-01T10:20:42Z 121  1.1  13.6 89.2 0.9963 0.00  0.0
2020-05-01T10:21:42Z 104  0.6  13.6 89.3 0.9963 0.00  0.0
2020-05-01T10:22:42Z 154  1.4  13.6 89.3 0.9963 0.00  0.0
2020-05-01T10:23:42Z 132  2.4  13.6 89.1 0.9963 0.00  0.0
2020-05-01T10:24:42Z 106  1.0  13.6 89.1 0.9963 0.00  0.0
2020-05-01T10:25:42Z 082  1.3  13.6 89.1 0.9963 0.00  0.0
2020-05-01T10:26:42Z 079  1.1  13.6 89.2 0.9964 0.00  0.0
2020-05-01T10:27:42Z 197  1.1  13.6 89.2 0.9964 0.00  0.0
2020-05-01T10:28:42Z 124  0.7  13.6 89.2 0.9964 0.00  0.0
2020-05-01T10:29:42Z 119  0.5  13.6 89.2 0.9964 0.00  0.0
2020-05-01T10:30:42Z 079  0.6  13.6 89.2 0.9964 0.00  0.0
2020-05-01T10:31:42Z 110  1.4  13.6 89.1 0.9964 0.00  0.0
2020-05-01T10:32:42Z 105  0.1  13.5 89.1 0.9964 0.00  0.0
2020-05-01T10:33:42Z 086  1.8  13.5 89.2 0.9964 0.00  0.0
2020-05-01T10:34:42Z 115  0.6  13.6 89.2 0.9964 0.00  0.0
2020-05-01T10:35:42Z 132  2.3  13.6 89.3 0.9964 0.00  0.0
2020-05-01T10:36:42Z 116  1.5  13.6 89.2 0.9964 0.00  0.0
2020-05-01T10:37:42Z 121  1.6  13.6 89.2 0.9964 0.00  0.0
2020-05-01T10:38:42Z 127  1.2  13.6 89.1 0.9964 0.00  0.0
2020-05-01T10:39:42Z 075  0.5  13.5 89.1 0.9964 0.00  0.0
2020-05-01T10:40:42Z 151  0.5  13.6 89.2 0.9964 0.00  0.0
2020-05-01T10:41:42Z 104  0.7  13.6 89.2 0.9964 0.00  0.0
2020-05-01T10:42:42Z 099  0.6  13.6 89.2 0.9964 0.00  0.0
2020-05-01T10:43:42Z 048  0.3  13.6 89.2 0.9964 0.00  0.0
2020-05-01T10:44:42Z 115  0.2  13.6 89.4 0.9964 0.00  0.0
2020-05-01T10:45:42Z 314  0.3  13.7 89.5 0.9965 0.00  0.0
2020-05-01T10:46:42Z 082  0.7  13.7 89.5 0.9965 0.00  0.0
2020-05-01T10:47:42Z 174  0.7  13.7 89.4 0.9965 0.00  0.0
2020-05-01T10:48:42Z 056  0.2  13.7 89.4 0.9965 0.00  0.0
2020-05-01T10:49:42Z 120  1.8  13.7 89.4 0.9965 0.00  0.0
2020-05-01T10:50:42Z 097  1.4  13.7 89.3 0.9965 0.00  0.0
2020-05-01T10:51:42Z 158  0.4  13.7 89.2 0.9965 0.00  0.0
2020-05-01T10:52:42Z 296  0.3  13.7 89.2 0.9965 0.00  0.0
2020-05-01T10:53:42Z 152  0.4  13.7 89.3 0.9965 0.00  0.0
2020-05-01T10:54:42Z 136  1.3  13.7 89.1 0.9965 0.00  0.0
2020-05-01T10:55:42Z 088  1.8  13.6 88.9 0.9965 0.00  0.0
2020-05-01T10:56:42Z 150  1.6  13.6 89.0 0.9965 0.00  0.0
2020-05-01T10:57:42Z 125  0.6  13.6 89.0 0.9965 0.00  0.0
2020-05-01T10:58:42Z 120  1.5  13.6 88.9 0.9965 0.00  0.0
2020-05-01T10:59:42Z 124  1.2  13.6 88.9 0.9965 0.00  0.0
2020-05-01T11:00:42Z 176  0.6  13.6 89.0 0.9966 0.00  0.0
2020-05-01T11:01:42Z 148  1.6  13.6 89.0 0.9966 0.00  0.0
2020-05-01T11:02:42Z 141  1.8  13.6 89.0 0.9966 0.00  0.0
2020-05-01T11:03:42Z 102  0.8  13.5 88.9 0.9966 0.00  0.0
2020-05-01T11:04:42Z 195  0.3  13.5 88.9 0.9966 0.00  0.0
2020-05-01T11:05:42Z 105  1.7  13.5 89.1 0.9966 0.00  0.0
2020-05-01T11:06:42Z 081  1.0  13.6 89.1 0.9966 0.00  0.0
2020-05-01T11:07:42Z 104  0.5  13.6 89.1 0.9966 0.00  0.0
2020-05-01T11:08:42Z 171  1.5  13.6 89.2 0.9966 0.00  0.0
2020-05-01T11:09:42Z 277  0.4  13.6 89.1 0.9966 0.00  0.0
2020-05-01T11:10:42Z 118  0.8  13.6 89.2 0.9967 0.00  0.0
2020-05-01T11:11:42Z 121  3.1  13.6 89.1 0.9967 0.00  0.0
2020-05-01T11:12:42Z 105  1.7  13.6 89.0 0.9967 0.00  0.0
2020-05-01T11:13:42Z 125  1.1  13.5 88.9 0.9967 0.00  0.0
2020-05-01T11:14:42Z 116  1.7  13.5 88.9 0.9967 0.00  0.0
2020-05-01T11:15:42Z 132  2.7  13.5 88.9 0.9968 0.00  0.0
2020-05-01T11:16:42Z 127  1.9  13.5 88.8 0.9968 0.00  0.0
2020-05-01T11:17:42Z 103  1.7  13.5 88.8 0.9968 0.00  0.0
2020-05-01T11:18:42Z 116  1.5  13.5 88.8 0.9968 0.00  0.0
2020-05-01T11:19:42Z 159  2.0  13.5 88.9 0.9968 0.00  0.0
2020-05-01T11:20:42Z 135  1.6  13.5 88.9 0.9967 0.00  0.0
2020-05-01T11:21:42Z 121  2.3  13.5 88.9 0.9967 0.00  0.0
2020-05-01T11:22:42Z 125  2.3  13.4 88.9 0.9967 0.00  0.0
2020-05-01T11:23:42Z 123  1.9  13.4 88.9 0.9967 0.00  0.0
2020-05-01T11:24:42Z 095  0.5  13.4 89.0 0.9967 0.00  0.0
2020-05-01T11:25:42Z 106  1.2  13.4 89.0 0.9967 0.00  0.0
2020-05-01T11:26:42Z 143  1.7  13.4 89.0 0.9967 0.00  0.0
2020-05-01T11:27:42Z 149  0.9  13.5 89.1 0.9967 0.00  0.0
2020-05-01T11:28:42Z 131  1.3  13.5 89.1 0.9967 0.00  0.0
2020-05-01T11:29:42Z 142  1.2  13.4 89.0 0.9967 0.00  0.0
2020-05-01T11:30:42Z 133  1.6  13.4 89.1 0.9967 0.00  0.0
2020-05-01T11:31:42Z 109  0.9  13.4 89.0 0.9967 0.00  0.0
2020-05-01T11:32:42Z 147  0.3  13.4 89.0 0.9967 0.00  0.0
2020-05-01T11:33:42Z 025  0.5  13.4 89.1 0.9967 0.00  0.0
2020-05-01T11:34:42Z 136  0.2  13.5 89.2 0.9967 0.00  0.0
2020-05-01T11:35:42Z 234  0.2  13.5 89.2 0.9967 0.00  0.0
2020-05-01T11:36:42Z 128  0.8  13.5 89.3 0.9966 0.00  0.0
2020-05-01T11:37:42Z 042  0.3  13.6 89.4 0.9966 0.00  0.0
2020-05-01T11:38:42Z 087  0.6  13.6 89.4 0.9966 0.00  0.0
2020-05-01T11:39:42Z 125  0.7  13.6 89.3 0.9966 0.00  0.0
2020-05-01T11:40:42Z 134  0.7  13.6 89.3 0.9966 0.00  0.0
2020-05-01T11:41:42Z 105  1.0  13.6 89.3 0.9966 0.00  0.0
2020-05-01T11:42:42Z 119  0.3  13.6 89.1 0.9966 0.00  0.0
2020-05-01T11:43:42Z 142  1.0  13.6 89.2 0.9966 0.00  0.0
2020-05-01T11:44:42Z 192  1.0  13.6 89.2 0.9966 0.00  0.0
2020-05-01T11:45:42Z 127  1.3  13.6 89.2 0.9966 0.00  0.0
2020-05-01T11:46:42Z 122  0.6  13.6 89.1 0.9967 0.00  0.0
2020-05-01T11:47:42Z 166  1.8  13.6 89.1 0.9967 0.00  0.0
2020-05-01T11:48:42Z 152  1.7  13.6 89.0 0.9967 0.00  0.0
2020-05-01T11:49:42Z 165  2.4  13.5 88.9 0.9967 0.00  0.0
2020-05-01T11:50:42Z 130  1.1  13.5 88.8 0.9967 0.00  0.0
2020-05-01T11:51:42Z 118  1.5  13.5 88.9 0.9968 0.00  0.0
2020-05-01T11:52:42Z 143  0.3  13.5 88.9 0.9968 0.00  0.0
2020-05-01T11:53:42Z 130  0.7  13.5 88.8 0.9968 0.00  0.0
2020-05-01T11:54:42Z 136  0.7  13.5 88.9 0.9968 0.00  0.0
2020-05-01T11:55:42Z 100  0.6  13.5 88.9 0.9968 0.00  0.0
2020-05-01T11:56:42Z 126  1.7  13.5 89.0 0.9968 0.00  0.0
2020-05-01T11:57:42Z 103  1.4  13.5 89.1 0.9968 0.00  0.0
2020-05-01T11:58:42Z 128  0.6  13.5 89.0 0.9968 0.00  0.0
2020-05-01T11:59:42Z 164  1.6  13.5 89.1 0.9968 0.00  0.0
2020-05-01T12:00:42Z 152  0.2  13.5 89.1 0.9968 0.00  0.0
2020-05-01T12:01:42Z 104  0.5  13.6 89.2 0.9969 0.00  0.0
2020-05-01T12:02:42Z 095  1.1  13.6 89.4 0.9969 0.00  0.0
2020-05-01T12:03:42Z 141  2.5  13.6 89.4 0.9969 0.00  0.0
2020-05-01T12:04:42Z 144  2.5  13.6 89.2 0.9969 0.00  0.0
2020-05-01T12:05:42Z 130  2.6  13.5 88.9 0.9969 0.00  0.0
2020-05-01T12:06:42Z 112  1.2  13.5 88.9 0.9969 0.00  0.0
2020-05-01T12:07:42Z 160  3.2  13.5 88.9 0.9969 0.00  0.0
2020-05-01T12:08:42Z 136  1.4  13.5 88.9 0.9969 0.00  0.0
2020-05-01T12:09:42Z 145  2.0  13.5 89.0 0.9969 0.00  0.0
2020-05-01T12:10:42Z 116  0.9  13.5 89.1 0.9969 0.00  0.0
2020-05-01T12:11:42Z 088  0.6  13.5 89.1 0.9969 0.00  0.0
2020-05-01T12:12:42Z 143  1.4  13.5 89.1 0.9970 0.00  0.0
2020-05-01T12:13:42Z 142  0.6  13.5 89.1 0.9969 0.00  0.0
2020-05-01T12:14:42Z 159  2.5  13.5 89.1 0.9969 0.00  0.0
2020-05-01T12:15:42Z 131  1.8  13.5 89.1 0.9970 0.00  0.0
2020-05-01T12:16:42Z 140  2.2  13.5 89.2 0.9970 0.00  0.0
2020-05-01T12:17:42Z 314  1.3  13.5 89.1 0.9970 0.00  0.0
2020-05-01T12:18:42Z 099  1.1  13.5 89.1 0.9970 0.00  0.0
2020-05-01T12:19:42Z 152  2.1  13.5 89.1 0.9970 0.00  0.0
2020-05-01T12:20:42Z 123  1.5  13.5 89.1 0.9970 0.00  0.0
2020-05-01T12:21:42Z 115  1.5  13.5 89.0 0.9970 0.00  0.0
2020-05-01T12:22:42Z 119  1.7  13.5 89.1 0.9970 0.00  0.0
2020-05-01T12:23:42Z 148  1.1  13.5 89.0 0.9970 0.00  0.0
2020-05-01T12:24:42Z 146  2.3  13.5 89.1 0.9970 0.00  0.0
2020-05-01T12:25:42Z 150  2.1  13.5 89.2 0.9970 0.00  0.0
2020-05-01T12:26:42Z 347  0.8  13.5 89.1 0.9969 0.00  0.0
2020-05-01T12:27:42Z 098  1.3  13.5 89.1 0.9969 0.00  0.0
2020-05-01T12:28:42Z 096  1.3  13.5 89.2 0.9969 0.00  0.0
2020-05-01T12:29:42Z 116  1.2  13.5 89.1 0.9969 0.00  0.0
2020-05-01T12:30:42Z 094  1.5  13.5 89.1 0.9969 0.00  0.0
2020-05-01T12:31:42Z 067  1.1  13.5 89.1 0.9969 0.00  0.0
2020-05-01T12:32:42Z 073  1.6  13.5 89.2 0.9969 0.00  0.0
2020-05-01T12:33:42Z 085  1.9  13.5 89.2 0.9969 0.00  0.0
2020-05-01T12:34:42Z 064  1.5  13.6 89.3 0.9969 0.00  0.0
2020-05-01T12:35:42Z 062  2.0  13.6 89.4 0.9969 0.00  0.0
2020-05-01T12:36:42Z 058  2.4  13.7 89.4 0.9969 0.00  0.0
2020-05-01T12:37:42Z 069  1.7  13.7 89.2 0.9969 0.00  0.0
2020-05-01T12:38:42Z 050  2.5  13.7 89.1 0.9969 0.00  0.0
2020-05-01T12:39:42Z 064  3.0  13.7 89.1 0.9969 0.00  0.0
2020-05-01T12:40:42Z 050  3.1  13.7 89.0 0.9969 0.00  0.0
2020-05-01T12:41:42Z 061  3.2  13.7 89.0 0.9968 0.00  0.0
2020-05-01T12:42:42Z 055  2.1  13.7 89.0 0.9968 0.00  0.0
2020-05-01T12:43:42Z 058  2.6  13.7 89.0 0.9968 0.00  0.0
2020-05-01T12:44:42Z 087  1.5  13.7 89.0 0.9968 0.00  0.0
2020-05-01T12:45:42Z 071  2.0  13.7 89.0 0.9968 0.00  0.0
2020-05-01T12:46:42Z 065  2.7  13.8 89.1 0.9968 0.00  0.0
2020-05-01T12:47:42Z 054  2.0  13.7 88.8 0.9968 0.00  0.0
2020-05-01T12:48:42Z 011  1.9  13.8 88.9 0.9968 0.00  0.0
2020-05-01T12:49:42Z 014  1.6  13.8 89.1 0.9968 0.00  0.0
2020-05-01T12:50:42Z 037  2.8  14.0 89.3 0.9968 0.00  0.0
2020-05-01T12:51:42Z 179  1.2  14.0 89.4 0.9968 0.00  0.0
2020-05-01T12:52:42Z 273  1.4  14.1 89.3 0.9968 0.00  0.0
2020-05-01T12:53:42Z 335  2.3  14.1 89.1 0.9968 0.00  0.0
2020-05-01T12:54:42Z 184  2.4  14.0 88.7 0.9968 0.00  0.0
2020-05-01T12:55:42Z 159  1.6  13.9 88.6 0.9968 0.00  0.0
2020-05-01T12:56:42Z 112  1.6  13.9 88.6 0.9968 0.00  0.0
2020-05-01T12:57:42Z 107  1.7  14.0 88.7 0.9968 0.00  0.0
2020-05-01T12:58:42Z 097  1.3  14.0 88.6 0.9968 0.00  0.0
2020-05-01T12:59:42Z 038  1.0  13.9 88.5 0.9967 0.00  0.0
2020-05-01T13:00:42Z 071  2.2  13.9 88.6 0.9967 0.00  0.0
2020-05-01T13:01:42Z 087  1.5  14.0 88.7 0.9967 0.00  0.0
2020-05-01T13:02:42Z 054  2.0  14.0 88.7 0.9967 0.00  0.0
2020-05-01T13:03:42Z 149  2.3  14.0 88.8 0.9967 0.00  0.0
2020-05-01T13:04:42Z 057  2.3  14.1 88.7 0.9968 0.00  0.0
2020-05-01T13:05:42Z 047  2.2  14.0 88.5 0.9968 0.00  0.0
2020-05-01T13:06:42Z 118  2.2  14.0 88.2 0.9968 0.00  0.0
2020-05-01T13:07:42Z 048  1.6  14.0 88.3 0.9968 0.00  0.0
2020-05-01T13:08:42Z 094  1.6  14.0 88.2 0.9967 0.00  0.0
2020-05-01T13:09:42Z 041  1.2  14.0 88.2 0.9967 0.00  0.0
2020-05-01T13:10:42Z 135  1.4  14.1 88.5 0.9967 0.00  0.0
2020-05-01T13:11:42Z 323  1.7  14.1 88.3 0.9968 0.00  0.0
2020-05-01T13:12:42Z 161  2.7  14.2 88.4 0.9968 0.00  0.0
2020-05-01T13:13:42Z 113  1.2  14.1 87.6 0.9968 0.00  0.0
2020-05-01T13:14:42Z 171  1.9  14.1 87.8 0.9968 0.00  0.0
2020-05-01T13:15:42Z 167  2.8  14.1 87.7 0.9967 0.00  0.0
2020-05-01T13:16:42Z 095  1.2  14.1 87.5 0.9967 0.00  0.0
2020-05-01T13:17:42Z 179  1.6  14.1 87.9 0.9967 0.00  0.0
2020-05-01T13:18:42Z 174  1.0  14.2 88.0 0.9967 0.00  0.0
2020-05-01T13:19:42Z 293  1.5  14.3 87.8 0.9967 0.00  0.0
2020-05-01T13:20:42Z 248  1.2  14.3 88.2 0.9967 0.00  0.0
2020-05-01T13:21:42Z 251  1.4  14.5 88.6 0.9967 0.00  0.0
2020-05-01T13:22:42Z 275  2.0  14.6 88.5 0.9967 0.00  0.0
2020-05-01T13:23:42Z 228  1.0  14.6 87.6 0.9967 0.00  0.0
2020-05-01T13:24:42Z 301  1.1  14.4 86.5 0.9967 0.00  0.0
2020-05-01T13:25:42Z 315  1.2  14.4 87.3 0.9967 0.00  0.0
2020-05-01T13:26:42Z 237  1.0  14.5 87.5 0.9967 0.00  0.0
2020-05-01T13:27:42Z 174  1.8  14.5 86.9 0.9968 0.00  0.0
2020-05-01T13:28:42Z 164  2.2  14.6 86.5 0.9968 0.00  0.0
2020-05-01T13:29:42Z 200  1.8  14.5 85.6 0.9968 0.00  0.0
2020-05-01T13:30:42Z 226  0.8  14.4 85.2 0.9968 0.00  0.0
2020-05-01T13:31:42Z 192  1.2  14.5 86.5 0.9968 0.00  0.0
2020-05-01T13:32:42Z 220  1.1  14.6 85.6 0.9969 0.00  0.0
2020-05-01T13:33:42Z 180  1.8  14.6 86.0 0.9968 0.00  0.0
2020-05-01T13:34:42Z 237  1.0  14.6 85.2 0.9968 0.00  0.0
2020-05-01T13:35:42Z 232  1.3  14.6 84.8 0.9968 0.00  0.0
2020-05-01T13:36:42Z 143  1.0  14.6 84.8 0.9968 0.00  0.0
2020-05-01T13:37:42Z 066  0.7  14.7 85.8 0.9968 0.00  0.0
2020-05-01T13:38:42Z 295  0.3  14.9 86.0 0.9967 0.00  0.0
2020-05-01T13:39:42Z 248  1.0  15.0 85.9 0.9967 0.00  0.0
2020-05-01T13:40:42Z 303  0.5  15.0 83.9 0.9968 0.00  0.0
2020-05-01T13:41:42Z 259  0.6  15.0 83.4 0.9968 0.00  0.0
2020-05-01T13:42:42Z 296  0.8  15.0 83.4 0.9968 0.00  0.0
2020-05-01T13:43:42Z 271  0.8  15.1 82.9 0.9968 0.00  0.0
2020-05-01T13:44:42Z 288  0.5  15.1 81.7 0.9968 0.00  0.0
2020-05-01T13:45:42Z 254  1.0  15.1 82.1 0.9968 0.00  0.0
2020-05-01T13:46:42Z 283  1.2  15.1 81.0 0.9968 0.00  0.0
2020-05-01T13:47:42Z 282  0.6  15.1 81.2 0.9968 0.00  0.0
2020-05-01T13:48:42Z 267  1.1  15.1 81.0 0.9968 0.00  0.0
2020-05-01T13:49:42Z 199  0.4  15.2 81.2 0.9967 0.00  0.0
2020-05-01T13:50:42Z 275  0.2  15.3 82.7 0.9968 0.00  0.0
2020-05-01T13:51:42Z 052  0.4  15.4 83.0 0.9968 0.00  0.0
2020-05-01T13:52:42Z 207  1.5  15.5 82.7 0.9968 0.00  0.0
2020-05-01T13:53:42Z 197  0.4  15.5 80.1 0.9968 0.00  0.0
2020-05-01T13:54:42Z 258  0.8  15.6 80.9 0.9968 0.00  0.0
2020-05-01T13:55:42Z 204  1.0  15.6 81.1 0.9968 0.00  0.0
2020-05-01T13:56:42Z 216  1.0  15.7 81.1 0.9968 0.00  0.0
2020-05-01T13:57:42Z 210  1.3  15.8 80.7 0.9967 0.00  0.0
2020-05-01T13:58:42Z 099  0.7  15.7 79.9 0.9967 0.00  0.0
2020-05-01T13:59:42Z 195  1.4  15.8 81.1 0.9967 0.00  0.0
2020-05-01T14:00:42Z 191  0.7  15.8 80.2 0.9967 0.00  0.0
2020-05-01T14:01:42Z 240  0.5  15.8 78.9 0.9967 0.00  0.0
2020-05-01T14:02:42Z 109  0.5  15.8 80.5 0.9966 0.00  0.0
2020-05-01T14:03:42Z 181  0.8  15.9 81.2 0.9966 0.00  0.0
2020-05-01T14:04:42Z 180  0.6  16.0 80.4 0.9966 0.00  0.0
2020-05-01T14:05:42Z 184  0.1  16.0 79.9 0.9966 0.00  0.0
2020-05-01T14:06:42Z 351  0.3  16.1 81.1 0.9966 0.00  0.0
2020-05-01T14:07:42Z 289  0.1  16.2 80.4 0.9966 0.00  0.0
2020-05-01T14:08:42Z 322  0.3  16.3 81.0 0.9966 0.00  0.0
2020-05-01T14:09:42Z 211  0.3  16.4 81.1 0.9966 0.00  0.0
2020-05-01T14:10:42Z 179  0.1  16.6 80.1 0.9966 0.00  0.0
2020-05-01T14:11:42Z 088  0.4  16.7 79.3 0.9967 0.00  0.0
2020-05-01T14:12:42Z 126  1.2  16.7 78.8 0.9967 0.00  0.0
2020-05-01T14:13:42Z 110  1.7  16.7 77.5 0.9967 0.00  0.0
2020-05-01T14:14:42Z 115  0.5  16.8 76.6 0.9967 0.00  0.0
2020-05-01T14:15:42Z 174  1.0  16.7 77.1 0.9967 0.00  0.0
2020-05-01T14:16:42Z 170  2.6  16.7 78.3 0.9967 0.00  0.0
2020-05-01T14:17:42Z 158  0.5  16.9 76.1 0.9967 0.00  0.0
2020-05-01T14:18:42Z 112  0.5  17.0 76.0 0.9967 0.00  0.0
2020-05-01T14:19:42Z 124  3.1  17.0 76.7 0.9967 0.00  0.0
2020-05-01T14:20:42Z 095  1.4  17.0 73.6 0.9967 0.00  0.0
2020-05-01T14:21:42Z 094  1.3  16.7 73.7 0.9967 0.00  0.0
2020-05-01T14:22:42Z 179  1.2  16.7 76.4 0.9967 0.00  0.0
2020-05-01T14:23:42Z 162  0.2  16.8 75.7 0.9967 0.00  0.0
2020-05-01T14:24:42Z 108  0.8  16.9 75.5 0.9967 0.00  0.0
2020-05-01T14:25:42Z 124  1.2  17.2 75.6 0.9967 0.00  0.0
2020-05-01T14:26:42Z 137  2.6  17.4 73.5 0.9967 0.00  0.0
2020-05-01T14:27:42Z 149  1.3  17.4 70.3 0.9967 0.00  0.0
2020-05-01T14:28:42Z 115  0.7  17.3 71.6 0.9968 0.00  0.0
2020-05-01T14:29:42Z 195  0.7  17.2 72.1 0.9968 0.00  0.0
2020-05-01T14:30:42Z 187  2.4  17.1 73.0 0.9968 0.00  0.0
2020-05-01T14:31:42Z 104  1.0  16.9 70.8 0.9967 0.00  0.0
2020-05-01T14:32:42Z 210  0.6  16.7 73.2 0.9967 0.00  0.0
2020-05-01T14:33:42Z 135  1.0  16.6 73.5 0.9967 0.00  0.0
2020-05-01T14:34:42Z 184  1.7  16.5 73.6 0.9967 0.00  0.0
2020-05-01T14:35:42Z 194  1.2  16.5 74.5 0.9967 0.00  0.0
2020-05-01T14:36:42Z 175  0.2  16.5 75.1 0.9967 0.00  0.0
2020-05-01T14:37:42Z 095  0.6  16.5 75.9 0.9967 0.00  0.0
2020-05-01T14:38:42Z 126  0.5  16.6 76.5 0.9967 0.03  0.0
2020-05-01T14:39:42Z 196  1.1  16.6 74.3 0.9967 0.04  0.0
2020-05-01T14:40:42Z 110  0.2  16.6 77.0 0.9967 0.02  0.0
2020-05-01T14:41:42Z 138  1.1  16.7 79.4 0.9967 0.01  0.0
2020-05-01T14:42:42Z 135  0.4  16.8 77.5 0.9967 0.00  0.0
2020-05-01T14:43:42Z 236  0.8  16.8 77.2 0.9967 0.00  0.0
2020-05-01T14:44:42Z 234  0.4  16.7 77.3 0.9967 0.00  0.0
2020-05-01T14:45:42Z 275  0.9  16.7 77.2 0.9967 0.00  0.0
2020-05-01T14:46:42Z 270  1.3  16.7 76.7 0.9967 0.00  0.0
2020-05-01T14:47:42Z 239  0.8  16.6 76.0 0.9967 0.00  0.0
2020-05-01T14:48:42Z 192  1.1  16.6 76.5 0.9967 0.00  0.0
2020-05-01T14:49:42Z 223  0.6  16.6 78.0 0.9967 0.00  0.0
2020-05-01T14:50:42Z 243  1.7  16.6 78.6 0.9967 0.00  0.0
2020-05-01T14:51:42Z 144  0.7  16.6 78.0 0.9967 0.00  0.0
2020-05-01T14:52:42Z 192  1.9  16.6 78.8 0.9967 0.00  0.0
2020-05-01T14:53:42Z 159  1.4  16.5 77.5 0.9967 0.00  0.0
2020-05-01T14:54:42Z 179  1.6  16.4 77.4 0.9967 0.00  0.0
2020-05-01T14:55:42Z 270  0.4  16.4 77.8 0.9967 0.00  0.0
2020-05-01T14:56:42Z 219  2.4  16.3 79.2 0.9967 0.00  0.0
2020-05-01T14:57:42Z 255  1.4  16.4 79.3 0.9967 0.00  0.0
2020-05-01T14:58:42Z 238  0.7  16.4 77.6 0.9966 0.00  0.0
2020-05-01T14:59:42Z 213  1.9  16.4 78.1 0.9966 0.00  0.0
2020-05-01T15:00:42Z 215  0.5  16.3 78.0 0.9966 0.00  0.0
2020-05-01T15:01:42Z 261  0.6  16.3 77.8 0.9966 0.00  0.0
2020-05-01T15:02:42Z 246  0.9  16.3 77.4 0.9966 0.00  0.0
2020-05-01T15:03:42Z 252  1.9  16.3 77.7 0.9966 0.00  0.0
2020-05-01T15:04:42Z 227  2.0  16.5 78.4 0.9966 0.00  0.0
2020-05-01T15:05:42Z 228  2.9  16.5 76.6 0.9966 0.00  0.0
2020-05-01T15:06:42Z 184  2.4  16.6 77.1 0.9966 0.00  0.0
2020-05-01T15:07:42Z 171  2.8  16.8 77.5 0.9966 0.00  0.0
2020-05-01T15:08:42Z 197  2.3  16.9 74.1 0.9966 0.00  0.0
2020-05-01T15:09:42Z 212  1.7  16.9 75.1 0.9966 0.00  0.0
2020-05-01T15:10:42Z 225  0.6  16.9 76.5 0.9966 0.00  0.0
2020-05-01T15:11:42Z 007  0.6  17.0 76.5 0.9966 0.00  0.0
2020-05-01T15:12:42Z 326  1.9  17.2 75.8 0.9966 0.00  0.0
2020-05-01T15:13:42Z 326  1.5  17.2 73.1 0.9966 0.00  0.0
2020-05-01T15:14:42Z 253  0.9  17.2 73.8 0.9966 0.00  0.0
2020-05-01T15:15:42Z 211  0.3  17.1 73.8 0.9966 0.00  0.0
2020-05-01T15:16:42Z 334  0.5  17.1 73.8 0.9966 0.00  0.0
2020-05-01T15:17:42Z 320  0.9  17.1 73.5 0.9966 0.00  0.0
2020-05-01T15:18:42Z 276  0.9  17.1 73.1 0.9966 0.00  0.0
2020-05-01T15:19:42Z 272  1.8  17.0 74.6 0.9967 0.00  0.0
2020-05-01T15:20:42Z 249  1.8  16.9 73.8 0.9967 0.00  0.0
2020-05-01T15:21:42Z 289  1.6  16.8 74.6 0.9967 0.00  0.0
2020-05-01T15:22:42Z 236  2.0  16.8 73.9 0.9967 0.00  0.0
2020-05-01T15:23:42Z 250  1.2  16.8 74.6 0.9967 0.00  0.0
2020-05-01T15:24:42Z 247  0.4  16.9 73.1 0.9967 0.00  0.0
2020-05-01T15:25:42Z 251  1.8  16.9 72.7 0.9967 0.00  0.0
2020-05-01T15:26:42Z 247  0.7  17.0 72.9 0.9967 0.00  0.0
2020-05-01T15:27:42Z 309  1.5  17.1 74.1 0.9967 0.00  0.0
2020-05-01T15:28:42Z 286  0.6  17.2 72.1 0.9967 0.00  0.0
2020-05-01T15:29:42Z 297  1.1  17.2 70.6 0.9966 0.00  0.0
2020-05-01T15:30:42Z 278  2.0  17.3 71.8 0.9966 0.00  0.0
2020-05-01T15:31:42Z 258  2.0  17.5 71.2 0.9966 0.00  0.0
2020-05-01T15:32:42Z 269  1.1  17.5 71.0 0.9966 0.00  0.0
2020-05-01T15:33:42Z 266  2.1  17.6 70.8 0.9966 0.00  0.0
2020-05-01T15:34:42Z 280  0.4  17.8 69.8 0.9966 0.00  0.0
2020-05-01T15:35:42Z 314  2.3  17.9 70.8 0.9967 0.00  0.0
2020-05-01T15:36:42Z 346  0.7  18.1 66.8 0.9967 0.00  0.0
2020-05-01T15:37:42Z 223  1.4  18.1 70.0 0.9967 0.00  0.0
2020-05-01T15:38:42Z 288  1.3  18.2 68.8 0.9967 0.00  0.0
2020-05-01T15:39:42Z 298  3.5  18.2 67.8 0.9967 0.00  0.0
2020-05-01T15:40:42Z 243  3.0  18.1 66.1 0.9967 0.00  0.0
2020-05-01T15:41:42Z 303  3.6  17.8 66.4 0.9967 0.00  0.0
2020-05-01T15:42:42Z 291  1.3  17.6 65.6 0.9967 0.00  0.0
2020-05-01T15:43:42Z 310  2.7  17.5 68.0 0.9967 0.00  0.0
2020-05-01T15:44:42Z 046  0.4  17.4 66.1 0.9966 0.00  0.0
2020-05-01T15:45:42Z 259  1.6  17.4 67.6 0.9966 0.00  0.0
2020-05-01T15:46:42Z 226  1.4  17.5 67.6 0.9966 0.00  0.0
2020-05-01T15:47:42Z 220  2.3  17.7 68.1 0.9966 0.00  0.0
2020-05-01T15:48:42Z 197  1.3  17.9 66.9 0.9966 0.00  0.0
2020-05-01T15:49:42Z 138  0.5  18.0 66.9 0.9966 0.00  0.0
2020-05-01T15:50:42Z 257  0.5  18.1 68.3 0.9966 0.00  0.0
2020-05-01T15:51:42Z 305  0.4  18.4 68.0 0.9966 0.00  0.0
2020-05-01T15:52:42Z 209  1.9  18.7 65.7 0.9966 0.00  0.0
2020-05-01T15:53:42Z 226  1.1  18.7 64.4 0.9966 0.00  0.0
2020-05-01T15:54:42Z 302  4.7  18.7 64.7 0.9966 0.00  0.0
2020-05-01T15:55:42Z 278  1.4  18.6 62.9 0.9966 0.00  0.0
2020-05-01T15:56:42Z 248  1.3  18.4 65.0 0.9966 0.00  0.0
2020-05-01T15:57:42Z 221  0.7  18.3 65.9 0.9966 0.00  0.0
2020-05-01T15:58:42Z 292  3.2  18.3 65.5 0.9966 0.00  0.0
2020-05-01T15:59:42Z 277  3.0  18.3 63.3 0.9966 0.00  0.0
2020-05-01T16:00:42Z 308  4.1  18.1 64.2 0.9966 0.00  0.0
2020-05-01T16:01:42Z 317  3.2  17.9 61.6 0.9965 0.00  0.0
2020-05-01T16:02:42Z 305  2.2  17.7 62.4 0.9965 0.00  0.0
2020-05-01T16:03:42Z 321  2.3  17.6 63.7 0.9965 0.00  0.0
2020-05-01T16:04:42Z 258  1.1  17.7 62.2 0.9965 0.00  0.0
2020-05-01T16:05:42Z 272  1.3  17.8 65.1 0.9965 0.00  0.0
2020-05-01T16:06:42Z 278  1.6  18.0 63.8 0.9965 0.00  0.0
2020-05-01T16:07:42Z 287  0.4  18.1 62.9 0.9965 0.00  0.0
2020-05-01T16:08:42Z 295  4.1  18.1 63.8 0.9964 0.00  0.0
2020-05-01T16:09:42Z 313  1.9  18.1 61.8 0.9964 0.00  0.0
2020-05-01T16:10:42Z 234  2.7  18.0 63.1 0.9964 0.00  0.0
2020-05-01T16:11:42Z 273  0.4  18.0 63.9 0.9963 0.00  0.0
2020-05-01T16:12:42Z 299  2.1  18.0 63.3 0.9963 0.00  0.0
2020-05-01T16:13:42Z 268  2.4  18.1 63.2 0.9963 0.00  0.0
2020-05-01T16:14:42Z 267  1.1  18.2 62.4 0.9963 0.00  0.0
2020-05-01T16:15:42Z 258  2.4  18.2 62.5 0.9963 0.00  0.0
2020-05-01T16:16:42Z 201  1.1  18.4 62.5 0.9963 0.00  0.0
2020-05-01T16:17:42Z 264  1.7  18.5 63.9 0.9963 0.00  0.0
2020-05-01T16:18:42Z 240  1.5  18.8 62.8 0.9963 0.00  0.0
2020-05-01T16:19:42Z 300  2.5  18.9 59.6 0.9963 0.00  0.0
2020-05-01T16:20:42Z 234  0.6  18.9 60.2 0.9963 0.00  0.0
2020-05-01T16:21:42Z 328  3.9  19.0 61.0 0.9963 0.00  0.0
2020-05-01T16:22:42Z 266  1.4  19.0 59.5 0.9963 0.00  0.0
2020-05-01T16:23:42Z 298  3.1  18.8 60.6 0.9963 0.00  0.0
2020-05-01T16:24:42Z 297  5.2  18.7 60.9 0.9963 0.00  0.0
2020-05-01T16:25:42Z 303  1.3  18.5 60.0 0.9963 0.00  0.0
2020-05-01T16:26:42Z 331  3.0  18.3 62.5 0.9964 0.00  0.0
2020-05-01T16:27:42Z 310  5.1  18.3 61.2 0.9964 0.00  0.0
2020-05-01T16:28:42Z 257  0.6  18.3 60.6 0.9964 0.00  0.0
2020-05-01T16:29:42Z 326  1.4  18.2 62.7 0.9964 0.00  0.0
2020-05-01T16:30:42Z 287  2.8  18.2 61.8 0.9964 0.00  0.0
2020-05-01T16:31:42Z 266  1.8  18.1 61.8 0.9964 0.00  0.0
2020-05-01T16:32:42Z 268  0.4  18.1 62.7 0.9964 0.00  0.0
2020-05-01T16:33:42Z 349  2.6  18.3 63.0 0.9964 0.00  0.0
2020-05-01T16:34:42Z 017  2.0  18.4 61.7 0.9964 0.00  0.0
2020-05-01T16:35:42Z 141  0.3  18.5 62.5 0.9964 0.00  0.0
2020-05-01T16:36:42Z 343  1.3  18.5 63.6 0.9965 0.00  0.0
2020-05-01T16:37:42Z 003  2.0  18.6 63.1 0.9965 0.10  0.0
2020-05-01T16:38:42Z 241  0.8  18.7 61.4 0.9965 0.46  0.0
2020-05-01T16:39:42Z 331  1.8  18.6 65.0 0.9965 0.12  0.0
2020-05-01T16:40:42Z 287  3.9  18.5 64.6 0.9966 0.43  0.0
2020-05-01T16:41:42Z 278  2.7  18.2 65.8 0.9966 0.10  0.0
2020-05-01T16:42:42Z 306  0.8  17.9 66.9 0.9966 0.01  0.0
2020-05-01T16:43:42Z 297  3.5  17.6 70.5 0.9966 0.00  0.0
2020-05-01T16:44:42Z 294  3.5  17.5 66.9 0.9966 0.00  0.0
2020-05-01T16:45:42Z 293  0.6  17.2 67.9 0.9966 0.00  0.0
2020-05-01T16:46:42Z 262  1.8  17.1 72.8 0.9966 0.00  0.0
2020-05-01T16:47:42Z 302  2.6  17.1 72.1 0.9966 0.00  0.0
2020-05-01T16:48:42Z 277  3.8  17.0 69.6 0.9966 0.00  0.0
2020-05-01T16:49:42Z 312  3.3  17.0 71.1 0.9966 0.00  0.0
2020-05-01T16:50:42Z 253  1.9  17.0 70.5 0.9966 0.00  0.0
2020-05-01T16:51:42Z 292  4.6  17.0 72.2 0.9966 0.00  0.0
2020-05-01T16:52:42Z 300  3.6  17.0 68.9 0.9967 0.00  0.0
2020-05-01T16:53:42Z 296  5.4  16.9 69.2 0.9967 0.00  0.0
2020-05-01T16:54:42Z 303  2.6  16.9 69.2 0.9967 0.00  0.0
2020-05-01T16:55:42Z 276  1.5  17.0 71.7 0.9967 0.00  0.0
2020-05-01T16:56:42Z 286  5.5  17.0 70.7 0.9967 0.00  0.0
2020-05-01T16:57:42Z 283  3.7  17.0 68.0 0.9967 0.00  0.0
2020-05-01T16:58:42Z 293  2.0  17.0 71.8 0.9967 0.00  0.0
2020-05-01T16:59:42Z 351  0.5  17.1 73.7 0.9967 0.00  0.0
2020-05-01T17:00:42Z 293  0.4  17.2 72.3 0.9967 0.00  0.0
2020-05-01T17:01:42Z 291  2.7  17.4 72.6 0.9967 0.00  0.0
2020-05-01T17:02:42Z 336  2.0  17.5 71.2 0.9967 0.00  0.0
2020-05-01T17:03:42Z 287  4.7  17.6 70.6 0.9967 0.00  0.0
2020-05-01T17:04:42Z 267  3.4  17.8 69.6 0.9967 0.00  0.0
2020-05-01T17:05:42Z 125  1.0  17.8 66.9 0.9967 0.00  0.0
2020-05-01T17:06:42Z 260  2.5  17.8 69.2 0.9967 0.00  0.0
2020-05-01T17:07:42Z 326  0.8  17.7 68.6 0.9967 0.00  0.0
2020-05-01T17:08:42Z 303  0.6  17.7 67.4 0.9967 0.00  0.0
2020-05-01T17:09:42Z 270  1.4  17.7 69.4 0.9967 0.00  0.0
2020-05-01T17:10:42Z 314  2.6  17.7 67.9 0.9967 0.00  0.0
2020-05-01T17:11:42Z 287  3.7  17.7 67.7 0.9967 0.00  0.0
2020-05-01T17:12:42Z 294  1.7  17.8 66.8 0.9966 0.00  0.0
2020-05-01T17:13:42Z 235  1.4  17.7 67.5 0.9966 0.00  0.0
2020-05-01T17:14:42Z 287  4.9  17.8 68.9 0.9966 0.00  0.0
2020-05-01T17:15:42Z 285  2.4  17.8 65.3 0.9965 0.00  0.0
2020-05-01T17:16:42Z 297  2.4  17.8 67.3 0.9965 0.00  0.0
2020-05-01T17:17:42Z 294  3.5  17.8 66.5 0.9964 0.00  0.0
2020-05-01T17:18:42Z 201  0.6  17.9 68.3 0.9964 0.00  0.0
2020-05-01T17:19:42Z 310  2.6  18.1 68.3 0.9964 0.00  0.0
2020-05-01T17:20:42Z 299  2.5  18.3 65.4 0.9964 0.00  0.0
2020-05-01T17:21:42Z 293  2.7  18.4 64.8 0.9964 0.00  0.0
2020-05-01T17:22:42Z 345  1.4  18.4 65.0 0.9963 0.00  0.0
2020-05-01T17:23:42Z 290  2.4  18.5 65.4 0.9963 0.00  0.0
2020-05-01T17:24:42Z 287  1.1  18.5 66.3 0.9963 0.00  0.0
2020-05-01T17:25:42Z 107  0.3  18.6 64.4 0.9963 0.00  0.0
2020-05-01T17:26:42Z 295  3.8  18.7 64.9 0.9963 0.00  0.0
2020-05-01T17:27:42Z 275  1.6  19.0 61.9 0.9963 0.00  0.0
2020-05-01T17:28:42Z 289  1.6  19.0 61.5 0.9963 0.00  0.0
2020-05-01T17:29:42Z 284  0.7  19.1 61.5 0.9962 0.00  0.0
2020-05-01T17:30:42Z 354  2.0  19.1 61.1 0.9962 0.00  0.0
2020-05-01T17:31:42Z 322  1.3  19.1 60.6 0.9962 0.00  0.0
2020-05-01T17:32:42Z 283  0.8  19.1 60.5 0.9962 0.00  0.0
2020-05-01T17:33:42Z 292  1.7  19.0 60.0 0.9962 0.00  0.0
2020-05-01T17:34:42Z 312  4.4  18.9 60.3 0.9962 0.00  0.0
2020-05-01T17:35:42Z 000  0.8  18.9 58.3 0.9962 0.00  0.0
2020-05-01T17:36:42Z 332  4.4  18.8 60.2 0.9962 0.00  0.0
2020-05-01T17:37:42Z 341  4.2  18.7 59.1 0.9962 0.00  0.0
2020-05-01T17:38:42Z 321  1.3  18.5 59.9 0.9963 0.00  0.0
2020-05-01T17:39:42Z 315  4.4  18.3 59.5 0.9963 0.00  0.0
2020-05-01T17:40:42Z 331  3.9  18.2 59.4 0.9963 0.00  0.0
2020-05-01T17:41:42Z 315  5.6  18.2 59.4 0.9963 0.00  0.0
2020-05-01T17:42:42Z 342  3.3  18.1 59.4 0.9963 0.00  0.0
2020-05-01T17:43:42Z 298  2.3  18.1 59.6 0.9964 0.00  0.0
2020-05-01T17:44:42Z 326  1.2  18.2 60.7 0.9964 0.00  0.0
2020-05-01T17:45:42Z 320  6.0  18.3 60.0 0.9963 0.00  0.0
2020-05-01T17:46:42Z 255  4.4  18.4 57.9 0.9963 0.00  0.0
2020-05-01T17:47:42Z 356  3.0  18.4 59.7 0.9962 0.00  0.0
2020-05-01T17:48:42Z 283  6.7  18.5 58.9 0.9964 0.00  0.0
2020-05-01T17:49:42Z 333  1.0  18.5 58.1 0.9963 0.00  0.0
2020-05-01T17:50:42Z 293  4.0  18.6 59.4 0.9965 0.00  0.0
2020-05-01T17:51:42Z 344  3.3  18.6 57.0 0.9964 0.00  0.0
2020-05-01T17:52:42Z 333  1.6  18.6 58.1 0.9965 0.00  0.0
2020-05-01T17:53:42Z 302  4.2  18.6 59.2 0.9964 0.00  0.0
2020-05-01T17:54:42Z 294  1.9  18.7 57.9 0.9964 0.00  0.0
2020-05-01T17:55:42Z 282  4.5  18.7 58.8 0.9964 0.00  0.0
2020-05-01T17:56:42Z 260  3.6  18.7 58.6 0.9964 0.00  0.0
2020-05-01T17:57:42Z 349  1.4  18.6 58.7 0.9964 0.00  0.0
2020-05-01T17:58:42Z 326  3.5  18.6 57.6 0.9964 0.00  0.0
2020-05-01T17:59:42Z 301  2.1  18.7 57.1 0.9964 0.00  0.0
2020-05-01T18:00:42Z 342  2.1  18.7 57.1 0.9964 0.00  0.0
2020-05-01T18:01:42Z 314  3.8  18.7 56.8 0.9964 0.00  0.0
2020-05-01T18:02:42Z 044  1.0  18.6 56.7 0.9964 0.00  0.0
2020-05-01T18:03:42Z 306  3.4  18.5 58.4 0.9964 0.00  0.0
2020-05-01T18:04:42Z 057  1.2  18.6 57.0 0.9964 0.00  0.0
2020-05-01T18:05:42Z 337  2.2  18.7 58.3 0.9964 0.00  0.0
2020-05-01T18:06:42Z 296  1.6  18.7 56.8 0.9964 0.00  0.0
2020-05-01T18:07:42Z 283  4.2  18.7 57.2 0.9963 0.00  0.0
2020-05-01T18:08:42Z 060  0.3  18.7 57.3 0.9963 0.00  0.0
2020-05-01T18:09:42Z 263  0.3  18.7 57.4 0.9963 0.00  0.0
2020-05-01T18:10:42Z 215  1.0  18.9 58.0 0.9963 0.00  0.0
2020-05-01T18:11:42Z 353  3.1  19.1 57.5 0.9962 0.00  0.0
2020-05-01T18:12:42Z 327  2.0  19.3 56.3 0.9963 0.00  0.0
2020-05-01T18:13:42Z 314  4.5  19.3 55.8 0.9962 0.00  0.0
2020-05-01T18:14:42Z 009  2.2  19.4 54.4 0.9962 0.00  0.0
2020-05-01T18:15:42Z 337  4.3  19.3 55.3 0.9963 0.00  0.0
2020-05-01T18:16:42Z 311  5.0  19.1 54.4 0.9962 0.00  0.0
2020-05-01T18:17:42Z 347  3.3  18.9 54.5 0.9962 0.00  0.0
2020-05-01T18:18:42Z 070  1.1  18.7 55.3 0.9962 0.00  0.0
2020-05-01T18:19:42Z 341  4.3  18.6 57.0 0.9962 0.00  0.0
2020-05-01T18:20:42Z 322  3.0  18.6 55.1 0.9962 0.00  0.0
2020-05-01T18:21:42Z 329  2.0  18.6 55.9 0.9962 0.00  0.0
2020-05-01T18:22:42Z 344  4.7  18.5 56.3 0.9962 0.00  0.0
2020-05-01T18:23:42Z 290  2.0  18.5 56.1 0.9961 0.00  0.0
2020-05-01T18:24:42Z 351  1.6  18.5 55.9 0.9961 0.00  0.0
2020-05-01T18:25:42Z 264  0.7  18.5 55.8 0.9961 0.00  0.0
2020-05-01T18:26:42Z 322  4.9  18.5 57.4 0.9961 0.00  0.0
2020-05-01T18:27:42Z 341  3.4  18.5 56.5 0.9961 0.00  0.0
2020-05-01T18:28:42Z 339  3.0  18.4 57.3 0.9961 0.00  0.0
2020-05-01T18:29:42Z 342  3.1  18.4 57.3 0.9960 0.00  0.0
2020-05-01T18:30:42Z 346  0.8  18.4 57.9 0.9960 0.00  0.0
2020-05-01T18:31:42Z 314  0.5  18.5 58.0 0.9961 0.00  0.0
2020-05-01T18:32:42Z 301  1.9  18.6 57.9 0.9960 0.00  0.0
2020-05-01T18:33:42Z 008  0.6  18.8 57.3 0.9960 0.00  0.0
2020-05-01T18:34:42Z 045  1.2  18.9 57.5 0.9961 0.00  0.0
2020-05-01T18:35:42Z 328  4.5  18.9 57.3 0.9960 0.00  0.0
2020-05-01T18:36:42Z 318  0.9  18.9 56.3 0.9960 0.00  0.0
2020-05-01T18:37:42Z 324  1.5  18.8 57.4 0.9960 0.00  0.0
2020-05-01T18:38:42Z 344  2.9  18.7 57.6 0.9960 0.00  0.0
2020-05-01T18:39:42Z 017  0.9  18.7 57.7 0.9960 0.00  0.0
2020-05-01T18:40:42Z 309  4.0  18.8 57.9 0.9961 0.00  0.0
2020-05-01T18:41:42Z 324  1.7  18.8 57.0 0.9960 0.00  0.0
2020-05-01T18:42:42Z 035  0.5  18.7 57.1 0.9960 0.00  0.0
2020-05-01T18:43:42Z 354  1.7  18.7 58.1 0.9961 0.00  0.0
2020-05-01T18:44:42Z 047  2.2  18.7 56.9 0.9961 0.00  0.0
2020-05-01T18:45:42Z 047  2.1  18.8 56.6 0.9961 0.00  0.0
2020-05-01T18:46:42Z 064  1.0  18.9 57.8 0.9961 0.00  0.0
2020-05-01T18:47:42Z 345  4.3  18.9 58.2 0.9961 0.00  0.0
2020-05-01T18:48:42Z 002  1.5  19.0 54.7 0.9961 0.00  0.0
2020-05-01T18:49:42Z 345  0.6  18.9 56.4 0.9961 0.00  0.0
2020-05-01T18:50:42Z 358  3.5  18.9 56.9 0.9961 0.00  0.0
2020-05-01T18:51:42Z 327  2.0  18.9 55.0 0.9961 0.00  0.0
2020-05-01T18:52:42Z 102  1.4  18.8 55.1 0.9961 0.00  0.0
2020-05-01T18:53:42Z 316  0.6  18.8 55.5 0.9961 0.00  0.0
2020-05-01T18:54:42Z 354  2.4  18.8 56.4 0.9961 0.00  0.0
2020-05-01T18:55:42Z 024  1.2  18.8 55.0 0.9961 0.00  0.0
2020-05-01T18:56:42Z 052  1.1  18.7 54.5 0.9960 0.00  0.0
2020-05-01T18:57:42Z 018  1.4  18.7 55.4 0.9961 0.00  0.0
2020-05-01T18:58:42Z 290  2.2  18.6 56.2 0.9961 0.00  0.0
2020-05-01T18:59:42Z 308  2.9  18.6 55.3 0.9961 0.00  0.0
2020-05-01T19:00:42Z 050  2.1  18.6 55.8 0.9961 0.00  0.0
2020-05-01T19:01:42Z 007  4.0  18.7 56.0 0.9961 0.00  0.0
2020-05-01T19:02:42Z 021  2.5  18.8 54.1 0.9961 0.00  0.0
2020-05-01T19:03:42Z 306  4.1  18.6 54.4 0.9961 0.00  0.0
2020-05-01T19:04:42Z 284  4.6  18.5 53.8 0.9961 0.00  0.0
2020-05-01T19:05:42Z 342  2.3  18.5 53.9 0.9961 0.00  0.0
2020-05-01T19:06:42Z 316  4.0  18.5 53.9 0.9961 0.00  0.0
2020-05-01T19:07:42Z 314  5.5  18.5 53.8 0.9961 0.00  0.0
2020-05-01T19:08:42Z 263  1.4  18.4 53.6 0.9961 0.00  0.0
2020-05-01T19:09:42Z 273  2.9  18.4 55.0 0.9961 0.00  0.0
2020-05-01T19:10:42Z 281  1.8  18.5 54.3 0.9961 0.00  0.0
2020-05-01T19:11:42Z 269  0.8  18.5 53.5 0.9961 0.00  0.0
2020-05-01T19:12:42Z 308  0.6  18.6 54.1 0.9961 0.00  0.0
2020-05-01T19:13:42Z 158  0.4  18.6 53.9 0.9961 0.00  0.0
2020-05-01T19:14:42Z 330  4.7  18.7 54.3 0.9961 0.00  0.0
2020-05-01T19:15:42Z 221  0.4  18.7 52.4 0.9961 0.00  0.0
2020-05-01T19:16:42Z 280  1.0  18.8 53.9 0.9961 0.00  0.0
2020-05-01T19:17:42Z 000  1.0  18.8 53.8 0.9961 0.00  0.0
2020-05-01T19:18:42Z 308  0.9  18.9 53.1 0.9961 0.00  0.0
2020-05-01T19:19:42Z 304  4.4  19.0 53.5 0.9961 0.00  0.0
2020-05-01T19:20:42Z 304  1.6  19.0 53.2 0.9962 0.00  0.0
2020-05-01T19:21:42Z 348  0.8  19.0 53.8 0.9961 0.00  0.0
2020-05-01T19:22:42Z 174  0.8  19.0 53.6 0.9962 0.00  0.0
2020-05-01T19:23:42Z 332  1.2  19.1 53.9 0.9962 0.00  0.0
2020-05-01T19:24:42Z 349  1.7  19.2 52.9 0.9961 0.00  0.0
2020-05-01T19:25:42Z 323  0.5  19.3 51.3 0.9961 0.00  0.0
2020-05-01T19:26:42Z 337  3.5  19.3 52.0 0.9962 0.00  0.0
2020-05-01T19:27:42Z 343  1.6  19.2 51.4 0.9961 0.00  0.0
2020-05-01T19:28:42Z 334  1.7  19.1 52.2 0.9961 0.00  0.0
2020-05-01T19:29:42Z 024  1.9  19.1 52.1 0.9961 0.00  0.0
2020-05-01T19:30:42Z 023  3.7  19.1 52.4 0.9961 0.00  0.0
2020-05-01T19:31:42Z 346  4.9  19.1 51.7 0.9961 0.00  0.0
2020-05-01T19:32:42Z 352  2.3  19.1 51.2 0.9960 0.00  0.0
2020-05-01T19:33:42Z 308  2.6  19.1 51.5 0.9961 0.00  0.0
2020-05-01T19:34:42Z 356  4.5  19.2 51.4 0.9961 0.00  0.0
2020-05-01T19:35:42Z 344  5.6  19.2 51.0 0.9961 0.00  0.0
2020-05-01T19:36:42Z 017  1.1  19.2 51.0 0.9961 0.00  0.0
2020-05-01T19:37:42Z 017  1.2  19.1 51.4 0.9962 0.00  0.0
2020-05-01T19:38:42Z 344  1.2  19.0 52.0 0.9962 0.00  0.0
2020-05-01T19:39:42Z 324  2.2  18.9 51.9 0.9961 0.00  0.0
2020-05-01T19:40:42Z 348  3.9  18.9 52.1 0.9961 0.00  0.0
2020-05-01T19:41:42Z 357  1.2  18.9 51.8 0.9962 0.00  0.0
2020-05-01T19:42:42Z 294  2.1  18.8 52.2 0.9962 0.00  0.0
2020-05-01T19:43:42Z 342  3.2  18.9 53.2 0.9961 0.00  0.0
2020-05-01T19:44:42Z 308  1.5  19.0 52.1 0.9962 0.00  0.0
2020-05-01T19:45:42Z 216  0.6  19.1 52.4 0.9962 0.00  0.0
2020-05-01T19:46:42Z 356  3.5  19.2 52.7 0.9962 0.00  0.0
2020-05-01T19:47:42Z 044  0.7  19.3 51.3 0.9962 0.00  0.0
2020-05-01T19:48:42Z 323  0.4  19.2 51.9 0.9962 0.00  0.0
2020-05-01T19:49:42Z 345  1.1  19.3 52.2 0.9962 0.00  0.0
2020-05-01T19:50:42Z 289  3.8  19.3 51.6 0.9962 0.00  0.0
2020-05-01T19:51:42Z 057  0.6  19.3 51.6 0.9962 0.00  0.0
2020-05-01T19:52:42Z 239  0.4  19.2 51.8 0.9962 0.00  0.0
2020-05-01T19:53:42Z 353  1.2  19.2 52.1 0.9962 0.00  0.0
2020-05-01T19:54:42Z 312  4.0  19.2 52.6 0.9962 0.00  0.0
2020-05-01T19:55:42Z 212  0.6  19.1 51.4 0.9962 0.00  0.0
2020-05-01T19:56:42Z 302  2.1  19.1 52.4 0.9963 0.00  0.0
2020-05-01T19:57:42Z 309  1.9  19.0 52.7 0.9963 0.00  0.0
2020-05-01T19:58:42Z 306  4.6  19.0 52.4 0.9963 0.00  0.0
2020-05-01T19:59:42Z 341  4.2  19.0 52.1 0.9963 0.00  0.0
2020-05-01T20:00:42Z 326  0.8  18.9 52.2 0.9963 0.00  0.0
2020-05-01T20:01:42Z 301  0.8  18.9 52.9 0.9963 0.00  0.0
2020-05-01T20:02:42Z 331  2.8  18.9 52.6 0.9963 0.00  0.0
2020-05-01T20:03:42Z 006  2.9  18.9 52.7 0.9963 0.00  0.0
2020-05-01T20:04:42Z 340  3.8  18.9 53.1 0.9963 0.00  0.0
2020-05-01T20:05:42Z 355  1.9  18.9 52.6 0.9963 0.00  0.0
2020-05-01T20:06:42Z 359  2.0  18.9 52.9 0.9963 0.00  0.0
2020-05-01T20:07:42Z 309  1.4  18.9 52.6 0.9964 0.00  0.0
2020-05-01T20:08:42Z 351  0.3  18.9 52.2 0.9964 0.00  0.0
2020-05-01T20:09:42Z 303  3.0  18.9 52.2 0.9964 0.00  0.0
2020-05-01T20:10:42Z 001  1.2  18.9 51.6 0.9964 0.00  0.0
2020-05-01T20:11:42Z 291  4.5  18.9 51.3 0.9964 0.00  0.0
2020-05-01T20:12:42Z 341  5.1  18.8 51.4 0.9964 0.00  0.0
2020-05-01T20:13:42Z 092  0.5  18.8 51.3 0.9964 0.00  0.0
2020-05-01T20:14:42Z 010  1.5  18.9 52.8 0.9964 0.00  0.0
2020-05-01T20:15:42Z 292  4.3  18.9 52.1 0.9964 0.00  0.0
2020-05-01T20:16:42Z 000  2.2  19.0 51.6 0.9964 0.00  0.0
2020-05-01T20:17:42Z 273  2.2  19.0 52.1 0.9964 0.00  0.0
2020-05-01T20:18:42Z 032  2.7  19.0 53.0 0.9965 0.00  0.0
2020-05-01T20:19:42Z 300  1.6  19.0 52.3 0.9965 0.00  0.0
2020-05-01T20:20:42Z 311  1.0  19.0 52.1 0.9964 0.00  0.0
2020-05-01T20:21:42Z 324  2.4  19.1 52.4 0.9965 0.00  0.0
2020-05-01T20:22:42Z 351  2.8  19.1 51.8 0.9965 0.00  0.0
2020-05-01T20:23:42Z 339  1.9  19.1 51.9 0.9965 0.00  0.0
2020-05-01T20:24:42Z 347  3.7  19.0 52.2 0.9966 0.00  0.0
2020-05-01T20:25:42Z 083  1.1  19.0 51.9 0.9965 0.00  0.0
2020-05-01T20:26:42Z 351  2.7  18.9 52.8 0.9965 0.00  0.0
2020-05-01T20:27:42Z 041  2.0  18.9 52.4 0.9966 0.00  0.0
2020-05-01T20:28:42Z 010  2.2  18.8 52.2 0.9966 0.00  0.0
2020-05-01T20:29:42Z 349  0.6  18.8 52.8 0.9966 0.00  0.0
2020-05-01T20:30:42Z 337  2.3  18.7 53.2 0.9966 0.00  0.0
2020-05-01T20:31:42Z 323  2.2  18.7 53.2 0.9966 0.00  0.0
2020-05-01T20:32:42Z 108  1.3  18.7 53.4 0.9966 0.00  0.0
2020-05-01T20:33:42Z 346  0.4  18.7 55.2 0.9966 0.00  0.0
2020-05-01T20:34:42Z 336  1.9  18.9 54.3 0.9966 0.00  0.0
2020-05-01T20:35:42Z 335  1.5  19.0 53.4 0.9967 0.00  0.0
2020-05-01T20:36:42Z 285  1.1  19.2 52.9 0.9966 0.00  0.0
2020-05-01T20:37:42Z 245  0.5  19.2 52.5 0.9967 0.00  0.0
2020-05-01T20:38:42Z 355  1.9  19.2 52.6 0.9967 0.00  0.0
2020-05-01T20:39:42Z 316  0.7  19.1 51.5 0.9967 0.00  0.0
2020-05-01T20:40:42Z 284  1.4  19.0 51.9 0.9967 0.00  0.0
2020-05-01T20:41:42Z 320  0.8  19.0 52.8 0.9967 0.00  0.0
2020-05-01T20:42:42Z 340  2.9  19.0 52.4 0.9967 0.00  0.0
2020-05-01T20:43:42Z 296  2.0  19.0 51.3 0.9967 0.00  0.0
2020-05-01T20:44:42Z 002  0.6  19.0 52.1 0.9967 0.00  0.0
2020-05-01T20:45:42Z 334  2.1  19.0 52.5 0.9967 0.00  0.0
2020-05-01T20:46:42Z 305  1.5  19.0 51.3 0.9967 0.00  0.0
2020-05-01T20:47:42Z 309  3.6  18.9 52.6 0.9967 0.00  0.0
2020-05-01T20:48:42Z 346  1.0  18.9 51.7 0.9967 0.00  0.0
2020-05-01T20:49:42Z 045  0.7  18.9 52.0 0.9968 0.00  0.0
2020-05-01T20:50:42Z 297  2.6  18.9 52.2 0.9968 0.00  0.0
2020-05-01T20:51:42Z 272  1.8  19.0 51.4 0.9968 0.00  0.0
2020-05-01T20:52:42Z 275  3.7  19.0 51.6 0.9968 0.00  0.0
2020-05-01T20:53:42Z 337  2.3  18.9 51.6 0.9968 0.00  0.0
2020-05-01T20:54:42Z 359  0.7  18.8 51.7 0.9968 0.00  0.0
2020-05-01T20:55:42Z 000  3.5  18.8 52.8 0.9968 0.00  0.0
2020-05-01T20:56:42Z 271  2.9  18.8 51.3 0.9968 0.00  0.0
2020-05-01T20:57:42Z 307  4.9  18.7 51.3 0.9968 0.00  0.0
2020-05-01T20:58:42Z 325  1.2  18.7 51.4 0.9968 0.00  0.0
2020-05-01T20:59:42Z 350  3.5  18.6 51.6 0.9967 0.00  0.0
2020-05-01T21:00:42Z 312  1.1  18.6 52.0 0.9969 0.00  0.0
2020-05-01T21:01:42Z 346  4.7  18.6 52.0 0.9969 0.00  0.0
2020-05-01T21:02:42Z 289  1.3  18.5 52.0 0.9969 0.00  0.0
2020-05-01T21:03:42Z 339  3.6  18.5 52.4 0.9969 0.00  0.0
2020-05-01T21:04:42Z 325  1.4  18.5 52.7 0.9969 0.00  0.0
2020-05-01T21:05:42Z 335  3.1  18.5 53.0 0.9969 0.00  0.0
2020-05-01T21:06:42Z 343  2.8  18.5 52.7 0.9969 0.00  0.0
2020-05-01T21:07:42Z 304  5.5  18.4 52.5 0.9970 0.00  0.0
2020-05-01T21:08:42Z 062  0.7  18.4 52.6 0.9970 0.00  0.0
2020-05-01T21:09:42Z 019  0.9  18.3 53.4 0.9970 0.00  0.0
2020-05-01T21:10:42Z 328  2.4  18.3 53.4 0.9970 0.00  0.0
2020-05-01T21:11:42Z 310  2.7  18.3 53.4 0.9970 0.00  0.0
2020-05-01T21:12:42Z 342  5.4  18.3 53.4 0.9970 0.00  0.0
2020-05-01T21:13:42Z 317  1.3  18.3 52.8 0.9970 0.00  0.0
2020-05-01T21:14:42Z 310  3.9  18.3 52.8 0.9970 0.00  0.0
2020-05-01T21:15:42Z 329  1.8  18.3 52.7 0.9970 0.00  0.0
2020-05-01T21:16:42Z 059  0.7  18.2 53.3 0.9970 0.00  0.0
2020-05-01T21:17:42Z 000  2.2  18.2 53.6 0.9970 0.00  0.0
2020-05-01T21:18:42Z 319  5.2  18.3 53.2 0.9970 0.00  0.0
2020-05-01T21:19:42Z 296  3.6  18.3 52.9 0.9970 0.00  0.0
2020-05-01T21:20:42Z 318  3.8  18.2 53.2 0.9970 0.00  0.0
2020-05-01T21:21:42Z 300  4.7  18.1 53.5 0.9971 0.00  0.0
2020-05-01T21:22:42Z 012  0.8  18.1 53.2 0.9971 0.00  0.0
2020-05-01T21:23:42Z 341  1.0  18.1 54.1 0.9971 0.00  0.0
2020-05-01T21:24:42Z 290  4.1  18.1 53.8 0.9971 0.00  0.0
2020-05-01T21:25:42Z 142  1.0  18.1 54.0 0.9971 0.00  0.0
2020-05-01T21:26:42Z 300  2.0  18.0 54.3 0.9971 0.00  0.0
2020-05-01T21:27:42Z 349  3.4  18.1 53.9 0.9971 0.00  0.0
2020-05-01T21:28:42Z 270  0.8  18.1 53.7 0.9970 0.00  0.0
2020-05-01T21:29:42Z 348  4.5  18.1 54.4 0.9971 0.00  0.0
2020-05-01T21:30:42Z 308  1.8  18.1 54.0 0.9971 0.00  0.0
2020-05-01T21:31:42Z 334  0.9  18.1 54.5 0.9971 0.00  0.0
2020-05-01T21:32:42Z 310  1.9  18.1 54.2 0.9971 0.00  0.0
2020-05-01T21:33:42Z 315  3.4  18.2 54.1 0.9971 0.00  0.0
2020-05-01T21:34:42Z 303  3.6  18.2 54.1 0.9971 0.00  0.0
2020-05-01T21:35:42Z 206  1.0  18.2 54.2 0.9971 0.00  0.0
2020-05-01T21:36:42Z 298  3.9  18.1 54.4 0.9971 0.00  0.0
2020-05-01T21:37:42Z 283  2.1  18.1 54.5 0.9971 0.00  0.0
2020-05-01T21:38:42Z 345  4.3  18.1 54.7 0.9971 0.00  0.0
2020-05-01T21:39:42Z 322  2.2  18.1 54.3 0.9970 0.00  0.0
2020-05-01T21:40:42Z 304  3.0  18.1 54.6 0.9971 0.00  0.0
2020-05-01T21:41:42Z 311  3.3  18.1 54.7 0.9971 0.00  0.0
2020-05-01T21:42:42Z 347  2.3  18.1 54.6 0.9971 0.00  0.0
2020-05-01T21:43:42Z 310  3.2  18.1 54.6 0.9971 0.00  0.0
2020-05-01T21:44:42Z 014  0.8  18.1 54.1 0.9971 0.00  0.0
2020-05-01T21:45:42Z 152  0.5  18.2 54.5 0.9971 0.00  0.0
2020-05-01T21:46:42Z 287  1.0  18.3 54.7 0.9970 0.00  0.0
2020-05-01T21:47:42Z 288  5.4  18.5 54.4 0.9970 0.00  0.0
2020-05-01T21:48:42Z 320  1.5  18.6 53.3 0.9970 0.00  0.0
2020-05-01T21:49:42Z 252  0.7  18.6 53.3 0.9971 0.00  0.0
2020-05-01T21:50:42Z 284  3.1  18.6 53.3 0.9970 0.00  0.0
2020-05-01T21:51:42Z 314  1.0  18.7 53.1 0.9970 0.00  0.0
2020-05-01T21:52:42Z 347  2.9  18.7 52.9 0.9971 0.00  0.0
2020-05-01T21:53:42Z 294  4.8  18.8 52.9 0.9971 0.00  0.0
2020-05-01T21:54:42Z 280  3.6  18.8 52.3 0.9971 0.00  0.0
2020-05-01T21:55:42Z 026  0.8  18.7 53.5 0.9971 0.00  0.0
2020-05-01T21:56:42Z 281  3.1  18.7 53.7 0.9971 0.00  0.0
2020-05-01T21:57:42Z 315  2.6  18.7 52.8 0.9971 0.00  0.0
2020-05-01T21:58:42Z 323  1.1  18.7 52.5 0.9972 0.00  0.0
2020-05-01T21:59:42Z 066  0.3  18.6 52.7 0.9971 0.00  0.0
2020-05-01T22:00:42Z 355  2.6  18.6 52.6 0.9972 0.00  0.0
2020-05-01T22:01:42Z 223  0.7  18.6 51.5 0.9971 0.00  0.0
2020-05-01T22:02:42Z 296  1.5  18.5 52.1 0.9971 0.00  0.0
2020-05-01T22:03:42Z 316  6.9  18.5 51.7 0.9972 0.00  0.0
2020-05-01T22:04:42Z 339  0.6  18.4 51.8 0.9972 0.00  0.0
2020-05-01T22:05:42Z 358  4.1  18.3 52.2 0.9971 0.00  0.0
2020-05-01T22:06:42Z 162  0.6  18.3 52.2 0.9972 0.00  0.0
2020-05-01T22:07:42Z 301  2.4  18.2 52.6 0.9972 0.00  0.0
2020-05-01T22:08:42Z 298  2.2  18.2 52.5 0.9971 0.00  0.0
2020-05-01T22:09:42Z 303  3.5  18.2 52.4 0.9971 0.00  0.0
2020-05-01T22:10:42Z 004  1.3  18.1 52.3 0.9971 0.00  0.0
2020-05-01T22:11:42Z 321  1.6  18.1 52.7 0.9972 0.00  0.0
2020-05-01T22:12:42Z 348  2.6  18.1 52.6 0.9971 0.00  0.0
2020-05-01T22:13:42Z 344  1.8  18.1 52.8 0.9971 0.00  0.0
2020-05-01T22:14:42Z 287  4.2  18.1 53.1 0.9972 0.00  0.0
2020-05-01T22:15:42Z 316  2.5  18.1 53.1 0.9972 0.00  0.0
2020-05-01T22:16:42Z 318  2.4  18.1 52.6 0.9972 0.00  0.0
2020-05-01T22:17:42Z 335  3.4  18.1 52.5 0.9972 0.00  0.0
2020-05-01T22:18:42Z 344  3.6  18.1 52.6 0.9972 0.00  0.0
2020-05-01T22:19:42Z 063  1.6  18.1 52.3 0.9973 0.00  0.0
2020-05-01T22:20:42Z 301  1.7  18.1 52.4 0.9973 0.00  0.0
2020-05-01T22:21:42Z 338  3.4  18.1 52.5 0.9973 0.00  0.0
2020-05-01T22:22:42Z 329  3.5  18.1 52.3 0.9973 0.00  0.0
2020-05-01T22:23:42Z 330  2.7  18.1 52.3 0.9974 0.00  0.0
2020-05-01T22:24:42Z 348  3.1  18.0 52.1 0.9973 0.00  0.0
2020-05-01T22:25:42Z 322  2.5  18.0 52.1 0.9973 0.00  0.0
2020-05-01T22:26:42Z 304  2.2  18.0 52.2 0.9973 0.00  0.0
2020-05-01T22:27:42Z 338  1.9  18.0 52.2 0.9974 0.00  0.0
2020-05-01T22:28:42Z 032  0.3  18.0 52.3 0.9974 0.00  0.0
2020-05-01T22:29:42Z 293  0.7  18.0 52.7 0.9974 0.00  0.0
2020-05-01T22:30:42Z 009  1.5  18.0 52.6 0.9974 0.00  0.0
2020-05-01T22:31:42Z 323  4.0  18.0 52.7 0.9974 0.00  0.0
2020-05-01T22:32:42Z 286  1.4  18.0 52.7 0.9974 0.00  0.0
2020-05-01T22:33:42Z 313  5.1  18.1 53.5 0.9974 0.00  0.0
2020-05-01T22:34:42Z 306  4.4  18.1 52.3 0.9975 0.00  0.0
2020-05-01T22:35:42Z 333  3.2  18.1 52.4 0.9975 0.00  0.0
2020-05-01T22:36:42Z 344  4.0  18.1 52.5 0.9975 0.00  0.0
2020-05-01T22:37:42Z 293  1.0  18.1 51.7 0.9975 0.00  0.0
2020-05-01T22:38:42Z 339  4.8  18.1 51.9 0.9976 0.00  0.0
2020-05-01T22:39:42Z 310  5.7  18.1 51.6 0.9976 0.00  0.0
2020-05-01T22:40:42Z 338  4.2  18.1 51.4 0.9975 0.00  0.0
2020-05-01T22:41:42Z 345  1.3  18.1 51.1 0.9976 0.00  0.0
2020-05-01T22:42:42Z 328  2.7  18.1 51.2 0.9976 0.00  0.0
2020-05-01T22:43:42Z 318  2.2  18.2 51.0 0.9976 0.00  0.0
2020-05-01T22:44:42Z 003  1.7  18.2 51.0 0.9976 0.00  0.0
2020-05-01T22:45:42Z 328  1.5  18.2 51.0 0.9977 0.00  0.0
2020-05-01T22:46:42Z 322  2.7  18.2 50.9 0.9977 0.00  0.0
2020-05-01T22:47:42Z 333  3.8  18.2 50.6 0.9976 0.00  0.0
2020-05-01T22:48:42Z 195  1.0  18.3 50.7 0.9977 0.00  0.0
2020-05-01T22:49:42Z 331  4.3  18.3 51.1 0.9977 0.00  0.0
2020-05-01T22:50:42Z 328  4.2  18.3 50.4 0.9977 0.00  0.0
2020-05-01T22:51:42Z 337  4.0  18.2 50.0 0.9977 0.00  0.0
2020-05-01T22:52:42Z 295  1.1  18.2 50.3 0.9977 0.00  0.0
2020-05-01T22:53:42Z 260  1.9  18.2 51.0 0.9977 0.00  0.0
2020-05-01T22:54:42Z 348  3.0  18.2 50.4 0.9977 0.00  0.0
2020-05-01T22:55:42Z 349  4.1  18.2 50.3 0.9977 0.00  0.0
2020-05-01T22:56:42Z 313  1.2  18.2 50.0 0.9978 0.00  0.0
2020-05-01T22:57:42Z 318  3.1  18.1 50.6 0.9978 0.00  0.0
2020-05-01T22:58:42Z 333  4.9  18.1 50.3 0.9978 0.00  0.0
2020-05-01T22:59:42Z 348  3.5  18.1 50.0 0.9978 0.00  0.0
2020-05-01T23:00:42Z 285  1.9  18.1 50.2 0.9978 0.00  0.0
2020-05-01T23:01:42Z 268  2.3  18.1 50.4 0.9978 0.00  0.0
2020-05-01T23:02:42Z 336  1.2  18.0 50.4 0.9979 0.00  0.0
2020-05-01T23:03:42Z 306  4.2  18.0 50.1 0.9978 0.00  0.0
2020-05-01T23:04:42Z 317  1.9  18.0 49.9 0.9979 0.00  0.0
2020-05-01T23:05:42Z 022  2.5  18.0 50.5 0.9979 0.00  0.0
2020-05-01T23:06:42Z 327  0.6  18.0 50.5 0.9979 0.00  0.0
2020-05-01T23:07:42Z 277  1.2  18.0 50.3 0.9979 0.00  0.0
2020-05-01T23:08:42Z 320  3.0  18.0 50.3 0.9980 0.00  0.0
2020-05-01T23:09:42Z 255  1.3  17.9 50.0 0.9980 0.00  0.0
2020-05-01T23:10:42Z 144  0.6  17.9 50.3 0.9980 0.00  0.0
2020-05-01T23:11:42Z 263  1.5  17.9 50.9 0.9980 0.00  0.0
2020-05-01T23:12:42Z 338  4.4  17.9 49.9 0.9980 0.00  0.0
2020-05-01T23:13:42Z 317  2.9  17.8 50.0 0.9980 0.00  0.0
2020-05-01T23:14:42Z 343  4.3  17.8 50.4 0.9981 0.00  0.0
2020-05-01T23:15:42Z 340  3.0  17.8 50.1 0.9981 0.00  0.0
2020-05-01T23:16:42Z 278  2.8  17.8 49.7 0.9981 0.00  0.0
2020-05-01T23:17:42Z 344  1.7  17.7 50.4 0.9982 0.00  0.0
2020-05-01T23:18:42Z 352  1.8  17.7 49.9 0.9982 0.00  0.0
2020-05-01T23:19:42Z 299  2.8  17.7 50.3 0.9982 0.00  0.0
2020-05-01T23:20:42Z 344  3.2  17.7 49.8 0.9982 0.00  0.0
2020-05-01T23:21:42Z 029  0.5  17.7 49.9 0.9982 0.00  0.0
2020-05-01T23:22:42Z 282  3.6  17.6 50.8 0.9982 0.00  0.0
2020-05-01T23:23:42Z 002  1.6  17.6 50.2 0.9982 0.00  0.0
2020-05-01T23:24:42Z 285  5.6  17.6 50.4 0.9982 0.00  0.0
2020-05-01T23:25:42Z 334  3.3  17.6 50.0 0.9982 0.00  0.0
2020-05-01T23:26:42Z 347  3.9  17.6 50.3 0.9982 0.00  0.0
2020-05-01T23:27:42Z 327  0.5  17.6 49.9 0.9982 0.00  0.0
2020-05-01T23:28:42Z 348  1.6  17.6 50.7 0.9983 0.00  0.0
2020-05-01T23:29:42Z 309  4.3  17.6 50.3 0.9983 0.00  0.0
2020-05-01T23:30:42Z 275  2.2  17.5 50.0 0.9982 0.00  0.0
2020-05-01T23:31:42Z 314  3.0  17.5 50.6 0.9982 0.00  0.0
2020-05-01T23:32:42Z 323  1.2  17.5 50.2 0.9983 0.00  0.0
2020-05-01T23:33:42Z 330  3.3  17.5 50.6 0.9982 0.00  0.0
2020-05-01T23:34:42Z 286  0.3  17.5 50.2 0.9982 0.00  0.0
2020-05-01T23:35:42Z 301  3.9  17.4 50.7 0.9982 0.00  0.0
2020-05-01T23:36:42Z 306  2.5  17.4 50.4 0.9982 0.00  0.0
2020-05-01T23:37:42Z 290  5.3  17.4 50.4 0.9982 0.00  0.0
2020-05-01T23:38:42Z 307  4.2  17.4 50.4 0.9982 0.00  0.0
2020-05-01T23:39:42Z 290  3.6  17.4 50.1 0.9983 0.00  0.0
2020-05-01T23:40:42Z 306  4.8  17.3 50.1 0.9983 0.00  0.0
2020-05-01T23:41:42Z 295  2.1  17.3 50.0 0.9983 0.00  0.0
2020-05-01T23:42:42Z 280  0.9  17.3 50.3 0.9983 0.00  0.0
2020-05-01T23:43:42Z 289  2.8  17.3 50.4 0.9983 0.00  0.0
2020-05-01T23:44:42Z 271  1.0  17.2 50.4 0.9983 0.00  0.0
2020-05-01T23:45:42Z 008  0.4  17.2 50.4 0.9983 0.00  0.0
2020-05-01T23:46:42Z 291  2.3  17.2 50.7 0.9983 0.00  0.0
2020-05-01T23:47:42Z 258  0.8  17.2 50.1 0.9983 0.00  0.0
2020-05-01T23:48:42Z 348  1.1  17.2 50.6 0.9984 0.00  0.0
2020-05-01T23:49:42Z 347  2.0  17.1 51.3 0.9983 0.00  0.0
2020-05-01T23:50:42Z 347  2.1  17.1 50.3 0.9983 0.00  0.0
2020-05-01T23:51:42Z 172  0.7  17.1 50.3 0.9984 0.00  0.0
2020-05-01T23:52:42Z 318  2.2  17.1 50.9 0.9984 0.00  0.0
2020-05-01T23:53:42Z 285  1.6  17.1 50.4 0.9984 0.00  0.0
2020-05-01T23:54:42Z 168  0.3  17.0 50.4 0.9984 0.00  0.0
2020-05-01T23:55:42Z 275  1.4  17.0 51.1 0.9984 0.00  0.0
2020-05-01T23:56:42Z 011  0.7  17.0 51.5 0.9984 0.00  0.0
2020-05-01T23:57:42Z 217  0.6  17.0 51.0 0.9984 0.00  0.0
2020-05-01T23:58:42Z 341  3.2  17.0 51.4 0.9984 0.00  0.0
